                0.                 0.         
              100.E-03           390.216E-06  
              200.E-03             1.59087E-03
              300.E-03             3.98115E-03
              400.E-03             7.82561E-03
              500.E-03            13.344E-03  
              600.E-03            20.7183E-03 
              700.E-03            30.0713E-03 
              800.E-03            41.4974E-03 
              900.E-03            55.1505E-03 
                1.                71.4149E-03 
                1.1               90.8224E-03 
                1.2              113.722E-03  
                1.3              140.032E-03  
                1.4              169.534E-03  
                1.5              202.071E-03  
                1.6              237.375E-03  
                1.7              274.969E-03  
                1.8              314.505E-03  
                1.9              355.822E-03  
                2.               398.904E-03  
                2.1              442.992E-03  
                2.2              487.019E-03  
                2.3              529.634E-03  
                2.4              569.79E-03   
                2.5              606.591E-03  
                2.6              639.044E-03  
                2.7              666.232E-03  
                2.8              687.561E-03  
                2.9              702.625E-03  
                3.               710.698E-03  
                3.1              710.61E-03   
                3.2              701.422E-03  
                3.3              682.938E-03  
                3.4              655.285E-03  
                3.5              618.587E-03  
                3.6              573.052E-03  
                3.7              519.338E-03  
                3.8              458.363E-03  
                3.9              390.922E-03  
                4.               317.446E-03  
                4.1              238.174E-03  
                4.2              153.754E-03  
                4.3               65.5276E-03 
                4.4              -25.2759E-03 
                4.5             -117.581E-03  
                4.6             -210.047E-03  
                4.7             -301.051E-03  
                4.8             -389.089E-03  
                4.9             -473.166E-03  
                5.              -552.805E-03  
                5.1             -627.452E-03  
                5.2             -696.271E-03  
                5.3             -758.255E-03  
                5.4             -812.708E-03  
                5.5             -859.192E-03  
                5.6             -896.999E-03  
                5.7             -925.315E-03  
                5.8             -944.001E-03  
                5.9             -953.582E-03  
                6.              -954.802E-03  
                6.1             -947.48E-03   
                6.2             -931.215E-03  
                6.3             -905.787E-03  
                6.4             -871.509E-03  
                6.5             -828.744E-03  
                6.6             -777.582E-03  
                6.7             -718.395E-03  
                6.8             -652.363E-03  
                6.9             -580.894E-03  
                7.              -504.762E-03  
                7.1             -424.033E-03  
                7.2             -339.086E-03  
                7.3             -251.268E-03  
                7.4             -161.971E-03  
                7.5              -72.1635E-03 
                7.6               17.2794E-03 
                7.7              104.887E-03  
                7.8              188.777E-03  
                7.9              267.625E-03  
                8.               340.983E-03  
                8.1              408.776E-03  
                8.2              470.449E-03  
                8.3              524.856E-03  
                8.4              571.478E-03  
                8.5              610.33E-03   
                8.6              641.092E-03  
                8.7              662.947E-03  
                8.8              675.317E-03  
                8.9              678.579E-03  
                9.               673.891E-03  
                9.1              662.17E-03   
                9.2              643.848E-03  
                9.3              619.42E-03   
                9.4              589.957E-03  
                9.5              556.743E-03  
                9.6              520.319E-03  
                9.7              480.821E-03  
                9.8              439.229E-03  
                9.9              397.274E-03  
               10.               356.751E-03  
               10.1              318.021E-03  
               10.2              281.055E-03  
               10.3              246.191E-03  
               10.4              214.203E-03  
               10.5              185.487E-03  
               10.6              159.579E-03  
               10.7              136.173E-03  
               10.8              115.963E-03  
               10.9               99.7222E-03 
               11.                87.2165E-03 
               11.1               77.1777E-03 
               11.2               68.7594E-03 
               11.3               62.3059E-03 
               11.4               58.0088E-03 
               11.5               55.1656E-03 
               11.6               52.8471E-03 
               11.7               50.9565E-03 
               11.8               50.1107E-03 
               11.9               50.2364E-03 
               12.                50.1848E-03 
               12.1               48.653E-03  
               12.2               45.2392E-03 
               12.3               40.4095E-03 
               12.4               33.8198E-03 
               12.5               24.4334E-03 
               12.6               11.9081E-03 
               12.7               -3.13825E-03
               12.8              -20.0639E-03 
               12.9              -39.3094E-03 
               13.               -61.9835E-03 
               13.1              -88.4355E-03 
               13.2             -118.109E-03  
               13.3             -150.49E-03   
               13.4             -185.868E-03  
               13.5             -224.684E-03  
               13.6             -266.2E-03    
               13.7             -308.983E-03  
               13.8             -352.601E-03  
               13.9             -397.539E-03  
               14.              -444.169E-03  
               14.1             -491.072E-03  
               14.2             -536.407E-03  
               14.3             -579.169E-03  
               14.4             -619.059E-03  
               14.5             -655.34E-03   
               14.6             -686.265E-03  
               14.7             -710.395E-03  
               14.8             -727.814E-03  
               14.9             -738.83E-03   
               15.              -742.612E-03  
               15.1             -737.266E-03  
               15.2             -721.718E-03  
               15.3             -696.715E-03  
               15.4             -662.971E-03  
               15.5             -620.228E-03  
               15.6             -568.08E-03   
               15.7             -507.34E-03   
               15.8             -439.944E-03  
               15.9             -366.993E-03  
               16.              -288.31E-03   
               16.1             -204.088E-03  
               16.2             -115.878E-03  
               16.3              -26.3318E-03 
               16.4               63.0762E-03 
               16.5              151.85E-03   
               16.6              238.712E-03  
               16.7              321.278E-03  
               16.8              397.291E-03  
               16.9              465.982E-03  
               17.               527.336E-03  
               17.1              580.277E-03  
               17.2              622.84E-03   
               17.3              653.802E-03  
               17.4              673.346E-03  
               17.5              682.011E-03  
               17.6              679.132E-03  
               17.7              663.64E-03   
               17.8              635.847E-03  
               17.9              597.257E-03  
               18.               549.244E-03  
               18.1              491.886E-03  
               18.2              425.197E-03  
               18.3              350.727E-03  
               18.4              270.699E-03  
               18.5              186.681E-03  
               18.6               99.0808E-03 
               18.7                8.72632E-03
               18.8              -81.9423E-03 
               18.9             -170.383E-03  
               19.              -255.222E-03  
               19.1             -336.025E-03  
               19.2             -411.754E-03  
               19.3             -480.079E-03  
               19.4             -539.224E-03  
               19.5             -588.853E-03  
               19.6             -629.06E-03   
               19.7             -659.072E-03  
               19.8             -677.099E-03  
               19.9             -682.452E-03  
               20.              -675.956E-03  
               20.1             -658.421E-03  
               20.2             -629.737E-03  
               20.3             -589.34E-03   
               20.4             -538.093E-03  
               20.5             -478.036E-03  
               20.6             -410.578E-03  
               20.7             -336.047E-03  
               20.8             -254.768E-03  
               20.9             -168.572E-03  
               21.               -80.0417E-03 
               21.1                9.27694E-03
               21.2               98.8193E-03 
               21.3              187.47E-03   
               21.4              272.85E-03   
               21.5              352.511E-03  
               21.6              425.496E-03  
               21.7              491.713E-03  
               21.8              550.135E-03  
               21.9              598.852E-03  
               22.               636.341E-03  
               22.1              662.682E-03  
               22.2              678.362E-03  
               22.3              682.642E-03  
               22.4              674.409E-03  
               22.5              653.53E-03   
               22.6              621.406E-03  
               22.7              579.414E-03  
               22.8              527.575E-03  
               22.9              465.91E-03   
               23.               395.65E-03   
               23.1              319.029E-03  
               23.2              237.71E-03   
               23.3              152.E-03     
               23.4               62.6597E-03 
               23.5              -28.1193E-03 
               23.6             -117.735E-03  
               23.7             -204.573E-03  
               23.8             -288.243E-03  
               23.9             -367.638E-03  
               24.              -440.471E-03  
               24.1             -504.809E-03  
               24.2             -560.003E-03  
               24.3             -606.289E-03  
               24.4             -642.83E-03   
               24.5             -667.828E-03  
               24.6             -680.384E-03  
               24.7             -680.971E-03  
               24.8             -670.476E-03  
               24.9             -648.655E-03  
               25.              -614.802E-03  
               25.1             -569.57E-03   
               25.2             -514.8E-03    
               25.3             -452.053E-03  
               25.4             -381.663E-03  
               25.5             -303.807E-03  
               25.6             -220.149E-03  
               25.7             -133.192E-03  
               25.8              -44.5529E-03 
               25.9               45.1526E-03 
               26.               135.004E-03  
               26.1              222.641E-03  
               26.2              305.472E-03  
               26.3              382.37E-03   
               26.4              453.05E-03   
               26.5              516.66E-03   
               26.6              571.194E-03  
               26.7              614.966E-03  
               26.8              647.925E-03  
               26.9              670.425E-03  
               27.               681.853E-03  
               27.1              680.897E-03  
               27.2              667.099E-03  
               27.3              641.726E-03  
               27.4              606.01E-03   
               27.5              560.066E-03  
               27.6              503.79E-03   
               27.7              438.128E-03  
               27.8              365.386E-03  
               27.9              287.185E-03  
               28.               203.892E-03  
               28.1              116.157E-03  
               28.2               25.8354E-03 
               28.3              -64.2947E-03 
               28.4             -152.607E-03  
               28.5             -238.599E-03  
               28.6             -321.162E-03  
               28.7             -398.137E-03  
               28.8             -467.258E-03  
               28.9             -527.766E-03  
               29.              -579.822E-03  
               29.1             -622.618E-03  
               29.2             -654.422E-03  
               29.3             -674.011E-03  
               29.4             -681.698E-03  
               29.5             -678.294E-03  
               29.6             -663.488E-03  
               29.7             -636.46E-03   
               29.8             -597.554E-03  
               29.9             -548.442E-03  
               30.              -490.789E-03  
               30.1             -424.92E-03   
               30.2             -350.928E-03  
               30.3             -270.313E-03  
               30.4             -185.424E-03  
               30.5              -98.0637E-03 
               30.6               -8.76437E-03
               30.7               81.6746E-03 
               30.8              170.955E-03  
               30.9              256.477E-03  
               31.               336.8E-03    
               31.1              411.575E-03  
               31.2              480.018E-03  
               31.3              540.036E-03  
               31.4              589.85E-03   
               31.5              629.179E-03  
               31.6              658.313E-03  
               31.7              676.784E-03  
               31.8              683.049E-03  
               31.9              676.465E-03  
               32.               658.027E-03  