                0.                 0.         
              100.E-03           335.466E-06  
              200.E-03             1.49446E-03
              300.E-03             3.80466E-03
              400.E-03             7.54666E-03
              500.E-03            12.9219E-03 
              600.E-03            20.1004E-03 
              700.E-03            29.2129E-03 
              800.E-03            40.3972E-03 
              900.E-03            53.8612E-03 
                1.                69.9068E-03 
                1.1               88.8487E-03 
                1.2              110.883E-03  
                1.3              136.029E-03  
                1.4              164.171E-03  
                1.5              195.106E-03  
                1.6              228.571E-03  
                1.7              264.286E-03  
                1.8              302.001E-03  
                1.9              341.515E-03  
                2.               382.655E-03  
                2.1              424.55E-03   
                2.2              465.948E-03  
                2.3              505.841E-03  
                2.4              543.249E-03  
                2.5              577.326E-03  
                2.6              607.296E-03  
                2.7              632.512E-03  
                2.8              652.382E-03  
                2.9              666.245E-03  
                3.               673.3E-03    
                3.1              672.736E-03  
                3.2              663.975E-03  
                3.3              646.788E-03  
                3.4              621.227E-03  
                3.5              587.555E-03  
                3.6              546.205E-03  
                3.7              497.73E-03   
                3.8              442.698E-03  
                3.9              381.645E-03  
                4.               315.099E-03  
                4.1              243.661E-03  
                4.2              168.086E-03  
                4.3               89.2968E-03 
                4.4                8.3466E-03 
                4.5              -73.6312E-03 
                4.6             -155.491E-03  
                4.7             -236.149E-03  
                4.8             -314.634E-03  
                4.9             -390.108E-03  
                5.              -461.835E-03  
                5.1             -529.136E-03  
                5.2             -591.362E-03  
                5.3             -647.892E-03  
                5.4             -698.152E-03  
                5.5             -741.663E-03  
                5.6             -778.077E-03  
                5.7             -807.223E-03  
                5.8             -829.113E-03  
                5.9             -843.926E-03  
                6.              -851.978E-03  
                6.1             -853.004E-03  
                6.2             -846.5E-03    
                6.3             -832.334E-03  
                6.4             -810.528E-03  
                6.5             -781.331E-03  
                6.6             -745.143E-03  
                6.7             -702.526E-03  
                6.8             -654.102E-03  
                6.9             -600.393E-03  
                7.              -541.733E-03  
                7.1             -478.397E-03  
                7.2             -410.842E-03  
                7.3             -339.803E-03  
                7.4             -266.221E-03  
                7.5             -191.15E-03   
                7.6             -115.698E-03  
                7.7              -40.9526E-03 
                7.8               32.136E-03  
                7.9              102.813E-03  
                8.               170.492E-03  
                8.1              234.656E-03  
                8.2              294.777E-03  
                8.3              350.287E-03  
                8.4              400.607E-03  
                8.5              445.192E-03  
                8.6              483.599E-03  
                8.7              515.545E-03  
                8.8              540.961E-03  
                8.9              559.979E-03  
                9.               572.889E-03  
                9.1              580.068E-03  
                9.2              581.925E-03  
                9.3              578.886E-03  
                9.4              571.393E-03  
                9.5              559.933E-03  
                9.6              545.076E-03  
                9.7              527.495E-03  
                9.8              507.965E-03  
                9.9              487.34E-03   
               10.               466.493E-03  
               10.1              445.601E-03  
               10.2              424.469E-03  
               10.3              403.141E-03  
               10.4              381.678E-03  
               10.5              360.24E-03   
               10.6              339.011E-03  
               10.7              318.221E-03  
               10.8              298.046E-03  
               10.9              278.458E-03  
               11.               259.147E-03  
               11.1              239.657E-03  
               11.2              219.639E-03  
               11.3              198.962E-03  
               11.4              177.664E-03  
               11.5              155.868E-03  
               11.6              133.749E-03  
               11.7              111.471E-03  
               11.8               89.0866E-03 
               11.9               66.4962E-03 
               12.                43.485E-03  
               12.1               19.8312E-03 
               12.2               -4.59654E-03
               12.3              -29.8016E-03 
               12.4              -55.6763E-03 
               12.5              -82.0428E-03 
               12.6             -108.708E-03  
               12.7             -135.528E-03  
               12.8             -162.448E-03  
               12.9             -189.506E-03  
               13.              -216.783E-03  
               13.1             -244.342E-03  
               13.2             -272.181E-03  
               13.3             -300.218E-03  
               13.4             -328.307E-03  
               13.5             -356.277E-03  
               13.6             -383.973E-03  
               13.7             -411.297E-03  
               13.8             -438.225E-03  
               13.9             -464.785E-03  
               14.              -491.027E-03  
               14.1             -516.315E-03  
               14.2             -539.663E-03  
               14.3             -560.365E-03  
               14.4             -577.781E-03  
               14.5             -591.43E-03   
               14.6             -600.927E-03  
               14.7             -606.014E-03  
               14.8             -606.468E-03  
               14.9             -601.957E-03  
               15.              -591.967E-03  
               15.1             -575.94E-03   
               15.2             -553.526E-03  
               15.3             -524.7E-03    
               15.4             -489.698E-03  
               15.5             -448.938E-03  
               15.6             -402.978E-03  
               15.7             -352.442E-03  
               15.8             -297.919E-03  
               15.9             -239.903E-03  
               16.              -178.826E-03  
               16.1             -115.49E-03   
               16.2              -50.964E-03  
               16.3               13.7E-03    
               16.4               77.3851E-03 
               16.5              138.995E-03  
               16.6              197.474E-03  
               16.7              251.889E-03  
               16.8              301.436E-03  
               16.9              345.39E-03   
               17.               383.039E-03  
               17.1              413.715E-03  
               17.2              436.882E-03  
               17.3              452.185E-03  
               17.4              459.431E-03  
               17.5              458.578E-03  
               17.6              449.75E-03   
               17.7              433.238E-03  
               17.8              409.458E-03  
               17.9              378.914E-03  
               18.               342.182E-03  
               18.1              299.917E-03  
               18.2              252.869E-03  
               18.3              201.877E-03  
               18.4              147.857E-03  
               18.5               91.7904E-03 
               18.6               34.6987E-03 
               18.7              -22.3831E-03 
               18.8              -78.4442E-03 
               18.9             -132.524E-03  
               19.              -183.728E-03  
               19.1             -231.226E-03  
               19.2             -274.258E-03  
               19.3             -312.139E-03  
               19.4             -344.263E-03  
               19.5             -370.118E-03  
               19.6             -389.296E-03  
               19.7             -401.514E-03  
               19.8             -406.624E-03  
               19.9             -404.615E-03  
               20.              -395.611E-03  
               20.1             -379.858E-03  
               20.2             -357.713E-03  
               20.3             -329.629E-03  
               20.4             -296.146E-03  
               20.5             -257.888E-03  
               20.6             -215.548E-03  
               20.7             -169.893E-03  
               20.8             -121.744E-03  
               20.9              -71.9667E-03 
               21.               -21.4526E-03 
               21.1               28.9051E-03 
               21.2               78.2292E-03 
               21.3              125.676E-03  
               21.4              170.451E-03  
               21.5              211.815E-03  
               21.6              249.098E-03  
               21.7              281.7E-03    
               21.8              309.104E-03  
               21.9              330.881E-03  
               22.               346.706E-03  
               22.1              356.357E-03  
               22.2              359.729E-03  
               22.3              356.83E-03   
               22.4              347.779E-03  
               22.5              332.804E-03  
               22.6              312.229E-03  
               22.7              286.469E-03  
               22.8              256.022E-03  
               22.9              221.457E-03  
               23.               183.41E-03   
               23.1              142.571E-03  
               23.2               99.6763E-03 
               23.3               55.4909E-03 
               23.4               10.7977E-03 
               23.5              -33.6202E-03 
               23.6              -76.9943E-03 
               23.7             -118.585E-03  
               23.8             -157.692E-03  
               23.9             -193.668E-03  
               24.              -225.926E-03  
               24.1             -253.947E-03  
               24.2             -277.288E-03  
               24.3             -295.593E-03  
               24.4             -308.591E-03  
               24.5             -316.111E-03  
               24.6             -318.077E-03  
               24.7             -314.514E-03  
               24.8             -305.541E-03  
               24.9             -291.372E-03  
               25.              -272.308E-03  
               25.1             -248.728E-03  
               25.2             -221.087E-03  
               25.3             -189.904E-03  
               25.4             -155.751E-03  
               25.5             -119.251E-03  
               25.6              -81.0574E-03 
               25.7              -41.8513E-03 
               25.8               -2.32285E-03
               25.9               36.8388E-03 
               26.                74.9586E-03 
               26.1              111.388E-03  
               26.2              145.513E-03  
               26.3              176.77E-03   
               26.4              204.647E-03  
               26.5              228.697E-03  
               26.6              248.543E-03  
               26.7              263.883E-03  
               26.8              274.498E-03  
               26.9              280.25E-03   
               27.               281.091E-03  
               27.1              277.056E-03  
               27.2              268.265E-03  
               27.3              254.922E-03  
               27.4              237.303E-03  
               27.5              215.759E-03  
               27.6              190.701E-03  
               27.7              162.599E-03  
               27.8              131.971E-03  
               27.9               99.3713E-03 
               28.                65.3851E-03 
               28.1               30.6152E-03 
               28.2               -4.32793E-03
               28.3              -38.837E-03  
               28.4              -72.3189E-03 
               28.5             -104.204E-03  
               28.6             -133.958E-03  
               28.7             -161.088E-03  
               28.8             -185.152E-03  
               28.9             -205.763E-03  
               29.              -222.602E-03  
               29.1             -235.415E-03  
               29.2             -244.021E-03  
               29.3             -248.314E-03  
               29.4             -248.263E-03  
               29.5             -243.915E-03  
               29.6             -235.389E-03  
               29.7             -222.876E-03  
               29.8             -206.634E-03  
               29.9             -186.981E-03  
               30.              -164.294E-03  
               30.1             -138.996E-03  
               30.2             -111.55E-03   
               30.3              -82.4553E-03 
               30.4              -52.2312E-03 
               30.5              -21.4128E-03 
               30.6                9.45995E-03
               30.7               39.8519E-03 
               30.8               69.2418E-03 
               30.9               97.1312E-03 
               31.               123.053E-03  
               31.1              146.578E-03  
               31.2              167.325E-03  
               31.3              184.962E-03  
               31.4              199.217E-03  
               31.5              209.877E-03  
               31.6              216.794E-03  
               31.7              219.888E-03  
               31.8              219.142E-03  
               31.9              214.611E-03  
               32.               206.411E-03  