                0.                 0.                 0.                 0.                 0.                 0.         
                5.E-03          -287.653E-06          0.                53.9281E-03       -95.3694E-03         1.77953E-03
               10.E-03          -529.428E-06          0.               187.139E-03       -214.958E-03          5.1912E-03 
               15.E-03          -836.411E-06          0.               382.725E-03       -352.439E-03          7.61566E-03
               20.E-03            -1.62974E-03        0.               476.074E-03       -577.003E-03         10.3059E-03 
               25.E-03            -1.90899E-03        0.               490.276E-03       -656.739E-03         13.3905E-03 
               30.E-03            -2.4219E-03         0.               677.294E-03       -825.104E-03         16.899E-03  
               35.E-03            -3.45505E-03        0.               868.567E-03         -1.14292           22.3531E-03 
               40.E-03            -3.92319E-03        0.               942.634E-03         -1.32985           27.2581E-03 
               45.E-03            -4.29119E-03        0.                 1.10249           -1.47445           32.0406E-03 
               50.E-03            -4.7426E-03         0.                 1.14243           -1.63152           38.9715E-03 
               55.E-03            -5.26238E-03        0.                 1.20098           -1.84856           45.8882E-03 
               60.E-03            -5.75998E-03        0.                 1.43509           -2.04713           53.1479E-03 
               65.E-03            -6.06768E-03        0.                 1.46315           -2.21137           62.746E-03  
               70.E-03            -6.06873E-03        0.                 1.45446           -2.31888           72.4596E-03 
               75.E-03            -6.35834E-03        0.                 1.65122           -2.46011           81.6125E-03 
               80.E-03            -6.94972E-03        0.                 1.73002           -2.71414           91.5211E-03 
               85.E-03            -6.56787E-03        0.                 1.75509           -2.7368           101.85E-03   
               90.E-03            -6.14722E-03        0.                 1.90169           -2.70878          114.103E-03  
               95.E-03            -6.09641E-03        0.                 1.98476           -2.79284          128.815E-03  
              100.E-03            -5.70332E-03        0.                 2.14547           -2.83769          143.178E-03  
              105.E-03            -5.25359E-03        0.                 2.32577           -2.77409          149.477E-03  
              110.E-03            -5.80917E-03        0.                 2.11137           -2.78202          147.692E-03  
              115.E-03            -5.66732E-03        0.                 1.63939           -2.63686          148.768E-03  
              120.E-03            -3.62505E-03        0.                 1.67139           -2.13001          150.963E-03  
              125.E-03            -4.13904E-03        0.                 1.99946           -2.28231          152.231E-03  
              130.E-03            -4.40704E-03        0.                 1.69187           -2.33839          153.437E-03  
              135.E-03            -2.15672E-03        0.                 1.43268           -1.73758          152.141E-03  
              140.E-03            -1.81748E-03        0.                 1.59239           -1.52971          152.96E-03   
              145.E-03            -2.41336E-03        0.                 1.33814           -1.62635          153.776E-03  
              150.E-03            -1.99637E-03        0.                 1.2582            -1.62627          152.898E-03  
              155.E-03          -457.541E-06          0.                 1.51751           -1.18353          153.773E-03  
              160.E-03           -61.6925E-06         0.                 1.38155         -980.216E-03        152.56E-03   
              165.E-03          -320.513E-06          0.               999.451E-03       -994.911E-03        150.555E-03  
              170.E-03           659.27E-06           0.                 1.1674          -735.17E-03         151.292E-03  
              175.E-03             1.20321E-03        0.                 1.44969         -671.028E-03        150.723E-03  
              180.E-03             1.55028E-03        0.                 1.23327         -477.575E-03        148.276E-03  
              185.E-03             1.93799E-03        0.                 1.13934         -280.051E-03        146.511E-03  
              190.E-03             2.81871E-03        0.                 1.30826          -71.4372E-03       145.314E-03  
              195.E-03             3.3291E-03         0.                 1.41589           64.5029E-03       144.04E-03   
              200.E-03             3.29726E-03        0.                 1.39175           58.0987E-03       140.818E-03  
              205.E-03             4.4031E-03         0.                 1.41117          467.763E-03        136.399E-03  
              210.E-03             5.39626E-03        0.                 1.60273          785.837E-03        133.514E-03  
              215.E-03             5.84651E-03        0.                 1.73231          895.245E-03        129.907E-03  
              220.E-03             5.85595E-03        0.                 1.61667          951.562E-03        125.159E-03  
              225.E-03             6.85291E-03        0.                 1.83417            1.22222          121.673E-03  
              230.E-03             7.97528E-03        0.                 1.96887            1.61284          116.791E-03  
              235.E-03             7.41063E-03        0.                 1.83387            1.59298          108.853E-03  
              240.E-03             7.85063E-03        0.                 1.97396            1.75401          102.469E-03  
              245.E-03             8.79254E-03        0.                 1.99684            1.99699           98.6348E-03 
              250.E-03             9.07587E-03        0.                 2.05929            2.12217           91.8783E-03 
              255.E-03             8.75478E-03        0.                 2.07474            2.22859           81.5609E-03 
              260.E-03             8.71529E-03        0.                 1.97462            2.32679           70.8481E-03 
              265.E-03             9.84609E-03        0.                 2.16313            2.62479           61.2738E-03 
              270.E-03             9.75599E-03        0.                 2.16138            2.66295           52.4623E-03 
              275.E-03             9.53745E-03        0.                 2.08234            2.72721           40.9376E-03 
              280.E-03            10.2871E-03         0.                 2.21346            3.03154           26.999E-03  
              285.E-03            10.5865E-03         0.                 2.30881            3.21269           13.0198E-03 
              290.E-03            10.6758E-03         0.                 2.37625            3.33973           -1.44433E-03
              295.E-03            10.9003E-03         0.                 2.35597            3.43808          -14.6565E-03 
              300.E-03            11.5179E-03         0.                 2.38317            3.68216          -27.556E-03  
              305.E-03            11.1084E-03         0.                 2.50808            3.61056          -38.0642E-03 
              310.E-03            10.7864E-03         0.                 2.47222            3.44767          -43.0423E-03 
              315.E-03            10.8867E-03         0.                 2.13757            3.40046          -48.8339E-03 
              320.E-03             9.72121E-03        0.                 1.88384            3.01453          -56.0923E-03 
              325.E-03             9.51407E-03        0.                 2.08552            3.01153          -63.9636E-03 
              330.E-03             9.38576E-03        0.                 2.02649            3.00323          -72.2947E-03 
              335.E-03             8.78875E-03        0.                 1.68705            2.75394          -78.1015E-03 
              340.E-03             8.29249E-03        0.                 1.60385            2.54995          -85.2494E-03 
              345.E-03             8.20267E-03        0.                 1.62585            2.44436          -93.6686E-03 
              350.E-03             8.60778E-03        0.                 1.60855            2.59478         -100.587E-03  
              355.E-03             7.85537E-03        0.                 1.52752            2.3857          -107.961E-03  
              360.E-03             7.6961E-03         0.                 1.474              2.22718         -114.328E-03  
              365.E-03             7.671E-03          0.                 1.35575            2.15155         -119.274E-03  
              370.E-03             7.54153E-03        0.                 1.36223            2.05829         -125.32E-03   
              375.E-03             7.36686E-03        0.                 1.33771            2.07116         -130.618E-03  
              380.E-03             6.2165E-03         0.                 1.13477            1.74753         -133.881E-03  
              385.E-03             5.71233E-03        0.                 1.02734            1.51448         -136.242E-03  
              390.E-03             4.83802E-03        0.               859.452E-03          1.2991          -138.479E-03  
              395.E-03             3.94481E-03        0.               707.715E-03          1.08254         -141.279E-03  
              400.E-03             3.50743E-03        0.               681.239E-03        980.979E-03       -142.461E-03  
              405.E-03             3.26267E-03        0.               696.602E-03        848.132E-03       -142.385E-03  
              410.E-03             2.98453E-03        0.               684.238E-03        685.495E-03       -143.151E-03  
              415.E-03             2.16912E-03        0.               721.169E-03        448.286E-03       -142.979E-03  
              420.E-03             2.50916E-03        0.               739.751E-03        525.291E-03       -141.945E-03  
              425.E-03             1.97881E-03        0.               807.798E-03        392.345E-03       -140.593E-03  
              430.E-03           589.705E-06          0.               782.499E-03        -18.8748E-03      -138.363E-03  
              435.E-03           243.28E-06           0.               828.504E-03       -157.705E-03       -135.235E-03  
              440.E-03          -189.299E-06          0.                 1.11194         -285.733E-03       -131.572E-03  
              445.E-03          -719.142E-06          0.               948.494E-03       -408.073E-03       -128.281E-03  
              450.E-03            -1.3671E-03         0.                 1.00449         -596.723E-03       -123.722E-03  
              455.E-03            -1.54723E-03        0.                 1.35787         -780.552E-03       -116.649E-03  
              460.E-03            -2.0903E-03         0.                 1.39137         -980.083E-03       -109.141E-03  
              465.E-03            -3.14061E-03        0.                 1.4901            -1.24721         -102.688E-03  
              470.E-03            -3.59221E-03        0.                 1.54982           -1.37784          -94.968E-03  
              475.E-03            -4.06126E-03        0.                 1.61571           -1.55063          -84.5347E-03 
              480.E-03            -4.66768E-03        0.                 1.84524           -1.8367           -74.142E-03  
              485.E-03            -5.20494E-03        0.                 1.94133           -2.04195          -63.3135E-03 
              490.E-03            -5.10483E-03        0.                 1.96623           -2.06559          -50.6924E-03 
              495.E-03            -5.20157E-03        0.                 2.04879           -2.14984          -38.4531E-03 
              500.E-03            -5.79918E-03        0.                 2.07454           -2.37412          -24.902E-03  
              505.E-03            -5.7459E-03         0.                 2.20168           -2.41911          -13.7994E-03 
              510.E-03            -5.7512E-03         0.                 2.19885           -2.30889           -7.91286E-03
              515.E-03            -5.28182E-03        0.                 1.67878           -2.06066          922.105E-06  
              520.E-03            -4.23507E-03        0.                 1.46264           -1.78223           10.717E-03  
              525.E-03            -4.17957E-03        0.                 1.84263           -1.82334           21.0083E-03 
              530.E-03            -3.90387E-03        0.                 1.70623           -1.75643           33.5815E-03 
              535.E-03            -3.0385E-03         0.                 1.32503           -1.45283           43.145E-03  
              540.E-03            -2.93803E-03        0.                 1.27286           -1.30056           54.3958E-03 
              545.E-03            -3.56774E-03        0.                 1.11777           -1.38434           67.9491E-03 
              550.E-03            -3.43935E-03        0.                 1.20251           -1.42807           79.7548E-03 
              555.E-03            -2.68059E-03        0.                 1.24253           -1.1928            92.9089E-03 
              560.E-03            -2.78946E-03        0.               852.133E-03         -1.09628          104.874E-03  
              565.E-03            -2.6935E-03         0.               763.624E-03         -1.00829          115.309E-03  
              570.E-03            -2.28243E-03        0.               700.575E-03       -857.46E-03         128.244E-03  
              575.E-03            -2.10064E-03        0.               674.609E-03       -878.227E-03        140.087E-03  
              580.E-03            -1.64664E-03        0.               771.501E-03       -697.9E-03          150.005E-03  
              585.E-03          -855.772E-06          0.               303.33E-03        -392.079E-03        159.941E-03  
              590.E-03          -187.372E-06          0.               171.148E-03       -220.698E-03        169.097E-03  
              595.E-03          -297.278E-06          0.               484.122E-03       -222.545E-03        179.023E-03  
              600.E-03          -186.584E-06          0.               271.88E-03        -210.769E-03        188.14E-03   
              605.E-03            68.7372E-06         0.               162.455E-03        -27.2314E-03       194.711E-03  
              610.E-03            21.3191E-06         0.               300.468E-03         59.6717E-03       201.355E-03  
              615.E-03           304.937E-06          0.               507.772E-03        140.188E-03        207.489E-03  
              620.E-03           533.783E-06          0.               277.707E-03        233.085E-03        212.038E-03  
              625.E-03             1.1831E-03         0.               445.817E-03        351.417E-03        215.778E-03  
              630.E-03             2.02579E-03        0.               672.03E-03         660.518E-03        217.601E-03  
              635.E-03             2.52164E-03        0.               738.281E-03        854.134E-03        217.752E-03  
              640.E-03             3.53047E-03        0.                 1.07073            1.07361          218.208E-03  
              645.E-03             4.25188E-03        0.               952.971E-03          1.27325          217.801E-03  
              650.E-03             4.36242E-03        0.                 1.02343            1.27976          215.578E-03  
              655.E-03             5.18638E-03        0.                 1.46622            1.59996          212.475E-03  
              660.E-03             5.89151E-03        0.                 1.48309            1.85172          208.18E-03   
              665.E-03             5.96927E-03        0.                 1.47489            1.84061          204.212E-03  
              670.E-03             6.21011E-03        0.                 1.58063            1.92626          199.405E-03  
              675.E-03             6.65241E-03        0.                 1.67161            2.08737          190.35E-03   
              680.E-03             7.69836E-03        0.                 1.95936            2.49121          180.739E-03  
              685.E-03             8.28523E-03        0.                 2.11812            2.68363          171.993E-03  
              690.E-03             8.39858E-03        0.                 2.04619            2.69762          160.704E-03  
              695.E-03             9.13661E-03        0.                 2.13669            2.92941          147.808E-03  
              700.E-03             9.9538E-03         0.                 2.38076            3.21615          133.403E-03  
              705.E-03            10.3578E-03         0.                 2.53243            3.37575          122.858E-03  
              710.E-03            10.1016E-03         0.                 2.35368            3.1817           117.584E-03  
              715.E-03             9.27035E-03        0.                 1.90409            2.84149          108.073E-03  
              720.E-03             8.3855E-03         0.                 1.82359            2.60459           97.6126E-03 
              725.E-03             8.56696E-03        0.                 2.12738            2.73566           87.0985E-03 
              730.E-03             8.42868E-03        0.                 1.8693             2.70954           74.7867E-03 
              735.E-03             7.71586E-03        0.                 1.6021             2.36718           65.3688E-03 
              740.E-03             8.03038E-03        0.                 1.70893            2.30122           53.8913E-03 
              745.E-03             8.65481E-03        0.                 1.66355            2.41469           41.085E-03  
              750.E-03             8.40894E-03        0.                 1.68076            2.46485           29.9327E-03 
              755.E-03             6.71979E-03        0.                 1.51748            2.01064           17.6018E-03 
              760.E-03             5.87802E-03        0.                 1.126              1.67158            7.26535E-03
              765.E-03             5.58916E-03        0.                 1.05119            1.57622           -2.97989E-03
              770.E-03             4.58702E-03        0.               953.652E-03          1.32529          -16.3019E-03 
              775.E-03             4.11583E-03        0.               870.952E-03          1.30876          -28.3132E-03 
              780.E-03             3.40634E-03        0.               756.808E-03          1.01924          -39.4247E-03 
              785.E-03             3.2168E-03         0.               619.41E-03         810.652E-03        -51.5816E-03 
              790.E-03             3.29318E-03        0.               637.556E-03        857.804E-03        -64.095E-03  
              795.E-03             3.12872E-03        0.               650.263E-03        792.05E-03         -77.3831E-03 
              800.E-03             3.07956E-03        0.               638.662E-03        779.747E-03        -89.7592E-03 
              805.E-03             2.68686E-03        0.               626.878E-03        585.6E-03         -103.079E-03  
              810.E-03             3.10421E-03        0.               689.554E-03        656.638E-03       -118.633E-03  
              815.E-03             3.39844E-03        0.               745.292E-03        803.97E-03        -132.249E-03  
              820.E-03             3.17965E-03        0.               733.403E-03        750.404E-03       -145.811E-03  
              825.E-03             3.22196E-03        0.               654.225E-03        795.617E-03       -160.005E-03  
              830.E-03             4.22967E-03        0.               888.797E-03        931.516E-03       -172.092E-03  
              835.E-03             5.58684E-03        0.                 1.18797            1.19096         -183.532E-03  
              840.E-03             5.27238E-03        0.                 1.15059            1.16761         -194.896E-03  
              845.E-03             5.07435E-03        0.                 1.05699            1.1308          -205.305E-03  
              850.E-03             5.48714E-03        0.                 1.09207            1.26775         -213.998E-03  
              855.E-03             5.27469E-03        0.                 1.15254            1.16042         -220.959E-03  
              860.E-03             4.85161E-03        0.                 1.03547            1.03567         -227.108E-03  
              865.E-03             5.10911E-03        0.                 1.05165            1.15703         -233.207E-03  
              870.E-03             6.40451E-03        0.                 1.28874            1.46139         -237.597E-03  
              875.E-03             6.90271E-03        0.                 1.43927            1.51526         -239.447E-03  
              880.E-03             6.10154E-03        0.                 1.3313             1.27            -240.777E-03  
              885.E-03             5.47325E-03        0.                 1.16222            1.18379         -240.067E-03  
              890.E-03             5.23001E-03        0.                 1.05255            1.20848         -238.483E-03  
              895.E-03             4.60475E-03        0.               919.52E-03           1.10101         -237.313E-03  
              900.E-03             4.75747E-03        0.               969.28E-03           1.07259         -232.36E-03   
              905.E-03             5.47948E-03        0.                 1.20892            1.13562         -226.378E-03  
              910.E-03             4.87747E-03        0.                 1.0871             1.04218         -221.675E-03  
              915.E-03             4.7257E-03         0.               946.63E-03           1.11139         -215.392E-03  
              920.E-03             5.16455E-03        0.                 1.00923            1.2465          -207.76E-03   
              925.E-03             5.29962E-03        0.                 1.16906            1.14664         -197.668E-03  
              930.E-03             5.11798E-03        0.                 1.14398            1.02275         -186.9E-03    
              935.E-03             4.1691E-03         0.               861.892E-03        924.432E-03       -177.55E-03   
              940.E-03             3.67455E-03        0.               738.953E-03        910.422E-03       -165.832E-03  
              945.E-03             2.85847E-03        0.               550.58E-03         753.229E-03       -152.954E-03  
              950.E-03             2.0676E-03         0.               528.875E-03        448.155E-03       -140.651E-03  
              955.E-03             2.36214E-03        0.               594.452E-03        454.885E-03       -127.245E-03  
              960.E-03             2.59159E-03        0.               543.074E-03        659.624E-03       -115.351E-03  
              965.E-03             2.8306E-03         0.               597.309E-03        739.709E-03       -103.765E-03  
              970.E-03             2.69897E-03        0.               542.076E-03        641.897E-03        -89.754E-03  
              975.E-03             2.76518E-03        0.               677.688E-03        573.773E-03        -76.1487E-03 
              980.E-03             3.49603E-03        0.               840.572E-03        739.9E-03          -63.1771E-03 
              985.E-03             3.38189E-03        0.               698.561E-03        837.431E-03        -50.3079E-03 
              990.E-03             2.54196E-03        0.               504.21E-03         646.423E-03        -36.8276E-03 
              995.E-03             2.41661E-03        0.               626.153E-03        563.988E-03        -21.2088E-03 
                1.                 2.85171E-03        0.               620.981E-03        617.507E-03         -6.74957E-03
                1.005              2.8554E-03         0.               619.24E-03         633.799E-03          6.17705E-03
                1.01               2.5232E-03         0.               496.348E-03        637.306E-03         21.1732E-03 
                1.015              1.70675E-03        0.               397.621E-03        441.171E-03         36.5064E-03 
                1.02               1.09532E-03        0.               453.206E-03        288.627E-03         50.2558E-03 
                1.025              1.30804E-03        0.               275.352E-03        327.904E-03         64.4205E-03 
                1.03               2.01572E-03        0.               461.376E-03        491.584E-03         78.3998E-03 
                1.035              2.63853E-03        0.               581.439E-03        643.923E-03         91.5931E-03 
                1.04               2.34302E-03        0.               479.163E-03        545.456E-03        105.655E-03  
                1.045              2.41562E-03        0.               557.33E-03         546.607E-03        119.37E-03   
                1.05               2.32167E-03        0.               536.849E-03        535.975E-03        132.912E-03  
                1.055              1.53984E-03        0.               301.887E-03        414.85E-03         146.657E-03  
                1.06               1.64577E-03        0.               456.502E-03        430.124E-03        159.505E-03  
                1.065              1.50603E-03        0.               393.079E-03        374.552E-03        173.328E-03  
                1.07             690.748E-06          0.               221.76E-03         191.937E-03        186.344E-03  
                1.075            120.521E-06          0.               317.051E-03         49.9174E-03       197.671E-03  
                1.08              62.1092E-06         0.               232.751E-03        127.78E-03         209.787E-03  
                1.085           -463.127E-06          0.               277.25E-03          -9.24294E-03      219.965E-03  
                1.09              -1.29556E-03        0.               354.375E-03       -240.134E-03        228.777E-03  
                1.095             -1.17621E-03        0.               343.821E-03       -163.126E-03        238.021E-03  
                1.1               -1.15813E-03        0.               418.128E-03       -202.713E-03        244.645E-03  
                1.105           -877.542E-06          0.               359.388E-03       -108.226E-03        249.519E-03  
                1.11            -780.188E-06          0.               289.651E-03        -69.1698E-03       253.791E-03  
                1.115             -1.45433E-03        0.               447.21E-03        -263.516E-03        257.017E-03  
                1.12              -1.43458E-03        0.               498.727E-03       -252.827E-03        259.457E-03  
                1.125             -1.10999E-03        0.               302.896E-03       -166.848E-03        258.848E-03  
                1.13            -538.583E-06          0.               298.328E-03         15.8608E-06       256.953E-03  
                1.135           -428.501E-06          0.               333.581E-03        -32.8874E-03       256.113E-03  
                1.14              -1.25228E-03        0.               363.302E-03       -257.565E-03        252.883E-03  
                1.145             -1.32534E-03        0.               475.469E-03       -212.856E-03        247.515E-03  
                1.15            -303.406E-06          0.               339.087E-03         61.3854E-03       241.608E-03  
                1.155            247.563E-06          0.               285.166E-03        156.96E-03         234.535E-03  
                1.16               8.23399E-06        0.               304.379E-03          3.75933E-03      227.312E-03  
                1.165            230.484E-06          0.               198.683E-03         55.5717E-03       218.991E-03  
                1.17             460.833E-06          0.               372.396E-03        188.248E-03        208.952E-03  
                1.175            448.888E-06          0.               211.362E-03        231.937E-03        198.346E-03  
                1.18             -15.0729E-06         0.               204.174E-03         50.6392E-03       187.441E-03  
                1.185            -96.9923E-06         0.               409.021E-03        -19.0451E-03       176.486E-03  
                1.19               1.15296E-03        0.               313.298E-03        343.672E-03        164.15E-03   
                1.195              1.65871E-03        0.               355.711E-03        426.183E-03        149.919E-03  
                1.2                2.17811E-03        0.               430.785E-03        532.208E-03        136.426E-03  
                1.205              2.90164E-03        0.               621.621E-03        672.766E-03        124.518E-03  
                1.21               2.9216E-03         0.               731.146E-03        616.047E-03        111.342E-03  
                1.215              2.85101E-03        0.               563.118E-03        673.798E-03         97.0909E-03 
                1.22               1.77102E-03        0.               428.651E-03        444.112E-03         84.5234E-03 
                1.225              1.04661E-03        0.               389.638E-03        307.651E-03         71.8237E-03 
                1.23               1.26036E-03        0.               292.014E-03        363.335E-03         58.1601E-03 
                1.235              1.57894E-03        0.               358.212E-03        362.856E-03         44.5479E-03 
                1.24               1.92836E-03        0.               443.967E-03        450.024E-03         30.3E-03    
                1.245              1.83567E-03        0.               405.266E-03        452.361E-03         16.244E-03  
                1.25               2.03694E-03        0.               453.666E-03        525.492E-03          1.66798E-03
                1.255              2.46772E-03        0.               513.167E-03        593.167E-03        -13.0726E-03 
                1.26               2.63169E-03        0.               605.04E-03         589.933E-03        -26.7535E-03 
                1.265              2.48351E-03        0.               543.062E-03        565.818E-03        -41.6298E-03 
                1.27               2.96115E-03        0.               619.676E-03        695.601E-03        -56.0445E-03 
                1.275              3.41206E-03        0.               697.301E-03        826.615E-03        -69.3189E-03 
                1.28               2.59359E-03        0.               572.64E-03         584.164E-03        -83.7786E-03 
                1.285              2.503E-03          0.               542.518E-03        551.547E-03        -96.9405E-03 
                1.29               2.6399E-03         0.               545.843E-03        633.61E-03        -109.82E-03   
                1.295              2.50579E-03        0.               569.213E-03        620.553E-03       -124.001E-03  
                1.3                2.86853E-03        0.               572.522E-03        694.347E-03       -136.896E-03  
                1.305              2.93323E-03        0.               608.757E-03        653.317E-03       -149.776E-03  
                1.31               3.18093E-03        0.               750.255E-03        695.831E-03       -162.139E-03  
                1.315              3.80935E-03        0.               795.531E-03        873.736E-03       -174.074E-03  
                1.32               4.46656E-03        0.               875.289E-03          1.06377         -187.308E-03  
                1.325              4.68156E-03        0.               957.435E-03          1.05365         -197.651E-03  
                1.33               5.20974E-03        0.                 1.13627            1.09176         -206.329E-03  
                1.335              6.155E-03          0.                 1.2861             1.35783         -216.115E-03  
                1.34               6.2885E-03         0.                 1.28619            1.40753         -223.743E-03  
                1.345              6.08359E-03        0.                 1.27404            1.35363         -229.68E-03   
                1.35               5.48126E-03        0.                 1.16544            1.19751         -234.083E-03  
                1.355              5.29357E-03        0.                 1.12721            1.15072         -236.844E-03  
                1.36               5.65188E-03        0.                 1.1326             1.29439         -239.537E-03  
                1.365              5.88641E-03        0.                 1.2286             1.31955         -240.498E-03  
                1.37               6.12971E-03        0.                 1.27115            1.32996         -239.57E-03   
                1.375              5.57071E-03        0.                 1.18561            1.192           -237.46E-03   
                1.38               5.2698E-03         0.                 1.15565            1.16727         -233.956E-03  
                1.385              4.94425E-03        0.               970.335E-03          1.16649         -230.104E-03  
                1.39               4.44911E-03        0.               912.282E-03        996.381E-03       -225.406E-03  
                1.395              5.30337E-03        0.                 1.11273            1.1612          -218.224E-03  
                1.4                5.40043E-03        0.                 1.11862            1.19581         -209.826E-03  
                1.405              4.43337E-03        0.               963.441E-03        960.313E-03       -202.391E-03  
                1.41               4.41537E-03        0.               897.275E-03          1.01765         -193.648E-03  
                1.415              4.33007E-03        0.               870.272E-03        998.484E-03       -182.474E-03  
                1.42               3.63298E-03        0.               855.729E-03        810.55E-03        -171.478E-03  
                1.425              3.47314E-03        0.               690.583E-03        806.589E-03       -160.202E-03  
                1.43               3.47499E-03        0.               719.108E-03        773.822E-03       -148.298E-03  
                1.435              3.65256E-03        0.               774.949E-03        830.089E-03       -135.969E-03  
                1.44               3.66239E-03        0.               720.81E-03         867.857E-03       -122.545E-03  
                1.445              2.85862E-03        0.               645.42E-03         633.063E-03       -109.435E-03  
                1.45               2.42247E-03        0.               505.939E-03        565.884E-03        -95.8401E-03 
                1.455              1.74207E-03        0.               359.849E-03        443.178E-03        -81.874E-03  
                1.46               1.89816E-03        0.               450.696E-03        471.239E-03        -69.0864E-03 
                1.465              2.77963E-03        0.               554.705E-03        685.49E-03         -55.07E-03   
                1.47               1.80341E-03        0.               426.7E-03          410.486E-03        -41.1627E-03 
                1.475              1.75442E-03        0.               416.843E-03        403.001E-03        -28.6223E-03 
                1.48               3.0266E-03         0.               599.169E-03        737.013E-03        -14.8018E-03 
                1.485              3.57542E-03        0.               745.356E-03        841.083E-03         -1.33979E-03
                1.49               3.40478E-03        0.               731.881E-03        762.542E-03         12.3306E-03 
                1.495              2.74458E-03        0.               609.023E-03        588.37E-03          27.219E-03  
                1.5                2.68954E-03        0.               561.417E-03        634.699E-03         41.2579E-03 
                1.505              2.31062E-03        0.               545.699E-03        585.493E-03         56.051E-03  
                1.51               1.72625E-03        0.               412.903E-03        427.74E-03          70.5255E-03 
                1.515              1.23024E-03        0.               245.873E-03        330.229E-03         84.2567E-03 
                1.52             618.222E-06          0.               287.559E-03        181.399E-03         99.4886E-03 
                1.525              1.40335E-03        0.               391.555E-03        347.6E-03          112.913E-03  
                1.53               2.38353E-03        0.               494.319E-03        603.992E-03        124.915E-03  
                1.535              2.26288E-03        0.               502.165E-03        548.318E-03        138.608E-03  
                1.54               1.73955E-03        0.               438.129E-03        383.378E-03        152.114E-03  
                1.545              1.52252E-03        0.               519.122E-03        364.945E-03        164.976E-03  
                1.55               1.46658E-03        0.               319.459E-03        385.741E-03        177.182E-03  
                1.555              1.03973E-03        0.               259.49E-03         321.365E-03        188.615E-03  
                1.56             362.148E-06          0.               262.758E-03        157.369E-03        200.898E-03  
                1.565             37.2003E-06         0.               184.909E-03         31.2929E-03       212.614E-03  
                1.57             328.447E-06          0.               317.238E-03        115.824E-03        222.288E-03  
                1.575           -239.549E-06          0.               312.57E-03          10.2555E-03       231.234E-03  
                1.58              -1.27599E-03        0.               369.959E-03       -175.728E-03        239.384E-03  
                1.585             -1.97051E-03        0.               575.28E-03        -312.663E-03        246.571E-03  
                1.59              -2.37886E-03        0.               585.595E-03       -465.088E-03        252.496E-03  
                1.595             -1.51602E-03        0.               403.413E-03       -257.547E-03        255.714E-03  
                1.6             -661.17E-06           0.               263.102E-03        -59.4691E-03       257.523E-03  
                1.605           -819.231E-06          0.               299.093E-03       -108.394E-03        259.127E-03  
                1.61              -1.57342E-03        0.               484.859E-03       -276.81E-03         259.016E-03  
                1.615             -1.30096E-03        0.               392.493E-03       -215.491E-03        257.1E-03    
                1.62             -81.6718E-06         0.               161.28E-03          80.439E-03        254.008E-03  
                1.625           -334.88E-06           0.               279.656E-03        -16.2809E-03       249.97E-03   
                1.63            -602.352E-06          0.               315.717E-03        -81.674E-03        245.441E-03  
                1.635           -543.52E-06           0.               218.884E-03        -47.1164E-03       239.32E-03   
                1.64            -611.427E-06          0.               292.783E-03        -65.4306E-03       231.558E-03  
                1.645            -81.5274E-06         0.               261.838E-03         86.0534E-03       223.602E-03  
                1.65             315.097E-06          0.               194.58E-03         131.342E-03        214.514E-03  
                1.655            684.379E-06          0.               254.097E-03        163.112E-03        204.512E-03  
                1.66             308.041E-06          0.               180.412E-03        126.622E-03        194.235E-03  
                1.665            307.923E-06          0.               250.456E-03        161.854E-03        182.331E-03  
                1.67               1.4712E-03         0.               339.028E-03        387.531E-03        170.315E-03  
                1.675              1.63388E-03        0.               337.881E-03        397.737E-03        158.339E-03  
                1.68               1.20164E-03        0.               367.078E-03        295.761E-03        145.263E-03  
                1.685              1.35973E-03        0.               337.536E-03        328.382E-03        132.528E-03  
                1.69               1.85765E-03        0.               350.94E-03         490.459E-03        118.82E-03   
                1.695              2.02114E-03        0.               465.365E-03        523.146E-03        104.681E-03  
                1.7                2.32803E-03        0.               520.593E-03        529.698E-03         91.763E-03  
                1.705              2.66007E-03        0.               577.465E-03        592.241E-03         77.8781E-03 
                1.71               2.28553E-03        0.               538.651E-03        532.293E-03         64.0691E-03 
                1.715              2.23871E-03        0.               492.845E-03        557.855E-03         50.7044E-03 
                1.72               2.38116E-03        0.               506.315E-03        593.266E-03         36.3405E-03 
                1.725              2.24581E-03        0.               447.612E-03        546.091E-03         22.9723E-03 
                1.73               1.9903E-03         0.               468.786E-03        433.015E-03          9.98433E-03
                1.735              1.99308E-03        0.               558.246E-03        449.805E-03         -4.08906E-03
                1.74               2.2595E-03         0.               406.102E-03        611.18E-03         -18.29E-03   
                1.745              1.7832E-03         0.               414.622E-03        452.758E-03        -32.5414E-03 
                1.75               1.32391E-03        0.               417.646E-03        302.364E-03        -46.2562E-03 
                1.755              1.96533E-03        0.               426.385E-03        482.898E-03        -59.9464E-03 
                1.76               3.04409E-03        0.               623.393E-03        714.213E-03        -75.0953E-03 
                1.765              3.33436E-03        0.               685.867E-03        782.02E-03         -89.9455E-03 
                1.77               3.45341E-03        0.               716.488E-03        787.858E-03       -103.052E-03  
                1.775              4.0275E-03         0.               882.354E-03        884.099E-03       -116.031E-03  
                1.78               3.67161E-03        0.               794.185E-03        804.214E-03       -129.304E-03  
                1.785              2.97745E-03        0.               611.632E-03        696.75E-03        -141.996E-03  
                1.79               2.76502E-03        0.               557.601E-03        702.31E-03        -154.192E-03  
                1.795              2.61712E-03        0.               543.136E-03        626.094E-03       -165.69E-03   
                1.8                3.15332E-03        0.               665.135E-03        703.674E-03       -177.053E-03  
                1.805              4.40344E-03        0.               940.862E-03        968.758E-03       -188.514E-03  
                1.81               4.95303E-03        0.                 1.01937            1.09916         -198.942E-03  
                1.815              4.50095E-03        0.               898.016E-03          1.04066         -208.857E-03  
                1.82               4.96054E-03        0.                 1.02598            1.11952         -217.409E-03  
                1.825              6.35844E-03        0.                 1.31271            1.39038         -224.229E-03  
                1.83               6.69798E-03        0.                 1.39856            1.44572         -230.95E-03   
                1.835              6.10935E-03        0.                 1.27971            1.31983         -235.392E-03  
                1.84               6.09309E-03        0.                 1.23282            1.37535         -237.954E-03  
                1.845              6.14475E-03        0.                 1.24401            1.38715         -240.337E-03  
                1.85               5.63765E-03        0.                 1.17362            1.22636         -239.86E-03   
                1.855              5.67627E-03        0.                 1.18914            1.22828         -238.136E-03  
                1.86               5.72746E-03        0.                 1.18357            1.27312         -236.486E-03  
                1.865              5.48015E-03        0.                 1.09469            1.25048         -232.536E-03  
                1.87               5.15832E-03        0.                 1.05748            1.14655         -227.273E-03  
                1.875              4.4321E-03         0.               975.759E-03        955.79E-03        -220.995E-03  
                1.88               4.34132E-03        0.               885.496E-03        968.831E-03       -213.963E-03  
                1.885              4.58586E-03        0.               909.112E-03          1.07566         -207.09E-03   
                1.89               4.47584E-03        0.               925.422E-03          1.03988         -198.106E-03  
                1.895              4.45537E-03        0.               939.693E-03        953.921E-03       -187.69E-03   
                1.9                4.72576E-03        0.                 1.00873            1.01788         -177.819E-03  
                1.905              4.59502E-03        0.               962.013E-03          1.03694         -166.842E-03  
                1.91               3.57289E-03        0.               724.557E-03        839.293E-03       -154.942E-03  
                1.915              2.77238E-03        0.               552.601E-03        682.352E-03       -142.583E-03  
                1.92               2.55292E-03        0.               576.583E-03        574.154E-03       -129.107E-03  
                1.925              2.9511E-03         0.               634.031E-03        658.56E-03        -116.186E-03  
                1.93               3.221E-03          0.               648.867E-03        767.315E-03       -103.787E-03  
                1.935              2.87143E-03        0.               585.363E-03        682.214E-03        -90.1542E-03 
                1.94               2.64948E-03        0.               575.143E-03        616.299E-03        -75.8583E-03 
                1.945              2.18033E-03        0.               575.769E-03        481.737E-03        -62.0457E-03 
                1.95               2.22935E-03        0.               450.913E-03        533.631E-03        -48.6301E-03 
                1.955              2.42381E-03        0.               483.781E-03        638.555E-03        -35.2468E-03 
                1.96               1.99939E-03        0.               453.783E-03        488.023E-03        -21.2294E-03 
                1.965              2.16205E-03        0.               508.957E-03        464.295E-03         -6.50164E-03
                1.97               2.46322E-03        0.               581.762E-03        563.376E-03          6.82354E-03
                1.975              2.34967E-03        0.               531.145E-03        594.875E-03         19.4868E-03 
                1.98               2.3241E-03         0.               443.448E-03        591.862E-03         33.7479E-03 
                1.985              2.58279E-03        0.               610.386E-03        592.668E-03         48.11E-03   
                1.99               2.47874E-03        0.               566.463E-03        532.653E-03         62.0302E-03 
                1.995              2.55927E-03        0.               526.918E-03        602.993E-03         75.4872E-03 
                2.                 2.73364E-03        0.               555.04E-03         674.334E-03         89.1652E-03 
                2.005              1.81228E-03        0.               367.336E-03        457.694E-03        103.9E-03    
                2.01               1.47562E-03        0.               389.587E-03        362.79E-03         117.761E-03  
                2.015              1.59713E-03        0.               417.763E-03        357.294E-03        131.563E-03  
                2.02               1.20405E-03        0.               225.628E-03        336.539E-03        144.896E-03  
                2.025            746.111E-06          0.               222.974E-03        255.649E-03        157.033E-03  
                2.03             659.143E-06          0.               334.106E-03        205.835E-03        170.297E-03  
                2.035              1.09645E-03        0.               291.985E-03        299.865E-03        182.362E-03  
                2.04             726.995E-06          0.               259.17E-03         153.958E-03        193.01E-03   
                2.045            836.872E-06          0.               326.072E-03        256.205E-03        204.113E-03  
                2.05               1.04635E-03        0.               247.498E-03        352.053E-03        213.887E-03  
                2.055            172.095E-06          0.               211.854E-03         67.0522E-03       223.563E-03  
                2.06            -739.262E-09          0.               230.76E-03          33.9031E-03       233.047E-03  
                2.065           -346.942E-06          0.               257.432E-03        -20.3784E-03       240.4E-03    
                2.07            -878.829E-06          0.               330.413E-03        -95.9857E-03       247.071E-03  
                2.075             -1.73758E-03        0.               449.346E-03       -276.167E-03        252.815E-03  
                2.08              -2.89893E-03        0.               695.978E-03       -551.188E-03        256.862E-03  
                2.085             -2.48866E-03        0.               607.909E-03       -462.043E-03        259.461E-03  
                2.09              -1.46528E-03        0.               377.856E-03       -246.081E-03        259.517E-03  
                2.095             -1.0167E-03         0.               384.776E-03       -106.042E-03        258.3E-03    
                2.1               -1.07458E-03        0.               323.793E-03       -175.64E-03         256.562E-03  
                2.105           -539.812E-06          0.               226.422E-03        -92.3089E-03       252.788E-03  
                2.11              96.0309E-06         0.               269.892E-03         96.7841E-03       248.128E-03  
                2.115           -330.965E-06          0.               233.488E-03         -5.48054E-03      242.435E-03  
                2.12            -773.78E-06           0.               321.386E-03        -76.5491E-03       235.32E-03   
                2.125           -411.079E-06          0.               224.383E-03          2.36731E-03      228.016E-03  
                2.13             574.686E-06          0.               202.253E-03        172.888E-03        219.447E-03  
                2.135            627.254E-06          0.               357.371E-03        144.397E-03        209.946E-03  
                2.14             676.911E-06          0.               176.354E-03        209.253E-03        199.762E-03  
                2.145            728.997E-06          0.               188.317E-03        283.605E-03        188.511E-03  
                2.15              20.421E-06          0.               282.683E-03         55.7404E-03       177.406E-03  
                2.155            937.165E-06          0.               252.35E-03         233.08E-03         165.697E-03  
                2.16               1.58646E-03        0.               396.938E-03        383.253E-03        152.81E-03   
                2.165              1.25899E-03        0.               326.727E-03        355.599E-03        139.314E-03  
                2.17               1.4309E-03         0.               317.11E-03         407.065E-03        125.92E-03   
                2.175              1.90403E-03        0.               478.516E-03        421.446E-03        112.746E-03  
                2.18               2.86379E-03        0.               642.499E-03        646.573E-03         99.0477E-03 
                2.185              2.56047E-03        0.               535.87E-03         605.958E-03         84.9769E-03 
                2.19               1.95864E-03        0.               427.734E-03        490.456E-03         70.8144E-03 
                2.195              1.96612E-03        0.               381.079E-03        499.07E-03          57.5176E-03 
                2.2                2.22248E-03        0.               519.911E-03        515.307E-03         44.1199E-03 
                2.205              2.78883E-03        0.               632.929E-03        637.116E-03         29.8315E-03 
                2.21               2.15118E-03        0.               433.581E-03        504.176E-03         16.1005E-03 
                2.215              1.89097E-03        0.               365.296E-03        497.329E-03          1.95087E-03
                2.22               2.30048E-03        0.               535.658E-03        556.455E-03        -11.6168E-03 
                2.225              2.54947E-03        0.               570.136E-03        569.008E-03        -24.772E-03  
                2.23               2.69593E-03        0.               541.585E-03        639.507E-03        -39.6054E-03 
                2.235              2.21516E-03        0.               509.71E-03         518.684E-03        -53.3746E-03 
                2.24               2.2773E-03         0.               467.926E-03        562.029E-03        -66.3544E-03 
                2.245              2.17163E-03        0.               512.748E-03        524.439E-03        -80.3504E-03 
                2.25               2.18119E-03        0.               484.587E-03        499.083E-03        -94.1907E-03 
                2.255              2.67112E-03        0.               539.21E-03         653.465E-03       -108.18E-03   
                2.26               2.89592E-03        0.               596.762E-03        689.38E-03        -121.732E-03  
                2.265              3.78251E-03        0.               792.11E-03         852.323E-03       -134.436E-03  
                2.27               4.30843E-03        0.               911.418E-03        934.929E-03       -147.458E-03  
                2.275              4.30473E-03        0.               900.204E-03        957.512E-03       -159.944E-03  
                2.28               3.6916E-03         0.               734.171E-03        855.292E-03       -171.096E-03  
                2.285              3.14528E-03        0.               654.39E-03         744.582E-03       -182.051E-03  
                2.29               4.23644E-03        0.               874.425E-03        992.586E-03       -192.361E-03  
                2.295              4.99966E-03        0.                 1.03974            1.07899         -201.694E-03  
                2.3                4.77873E-03        0.                 1.01761            1.02017         -210.73E-03   
                2.305              4.46522E-03        0.               922.549E-03          1.01814         -218.255E-03  
                2.31               4.76664E-03        0.               941.757E-03          1.11328         -225.083E-03  
                2.315              5.28032E-03        0.                 1.08335            1.19186         -231.542E-03  
                2.32               5.79754E-03        0.                 1.2107             1.24943         -235.767E-03  
                2.325              6.7854E-03         0.                 1.40814            1.4744          -238.774E-03  
                2.33               6.71819E-03        0.                 1.42276            1.45379         -240.72E-03   
                2.335              6.7964E-03         0.                 1.36339            1.53164         -241.017E-03  
                2.34               6.73128E-03        0.                 1.36826            1.50145         -239.492E-03  
                2.345              5.78553E-03        0.                 1.26554            1.19371         -235.62E-03   
                2.35               5.62354E-03        0.                 1.14007            1.25955         -230.973E-03  
                2.355              4.60584E-03        0.               933.711E-03          1.08369         -225.726E-03  
                2.36               4.05275E-03        0.               846.331E-03        922.79E-03        -218.851E-03  
                2.365              4.44626E-03        0.               911.411E-03        985.208E-03       -210.925E-03  
                2.37               4.31103E-03        0.               946.515E-03        937.167E-03       -202.405E-03  
                2.375              4.37412E-03        0.               890.69E-03           1.00737         -193.271E-03  
                2.38               3.63432E-03        0.               738.643E-03        833.169E-03       -183.792E-03  
                2.385              3.77102E-03        0.               763.395E-03        864.757E-03       -173.498E-03  
                2.39               4.6768E-03         0.               953.026E-03          1.05898         -161.657E-03  
                2.395              4.34288E-03        0.               960.497E-03        943.217E-03       -149.663E-03  
                2.4                3.51034E-03        0.               740.942E-03        783.564E-03       -137.419E-03  
                2.405              2.65906E-03        0.               536.352E-03        617.386E-03       -124.505E-03  
                2.41               2.763E-03          0.               606.575E-03        702.164E-03       -111.476E-03  
                2.415              2.74936E-03        0.               612.241E-03        670.884E-03        -97.06E-03   
                2.42               2.4933E-03         0.               546.502E-03        532.671E-03        -83.4187E-03 
                2.425              2.63038E-03        0.               582.651E-03        587.109E-03        -70.6278E-03 
                2.43               2.74644E-03        0.               574.679E-03        663.761E-03        -55.9885E-03 
                2.435              2.67129E-03        0.               572.403E-03        672.687E-03        -41.8354E-03 
                2.44               1.50756E-03        0.               354.695E-03        355.845E-03        -28.1388E-03 
                2.445              1.57064E-03        0.               378.955E-03        369.55E-03         -14.1227E-03 
                2.45               2.36042E-03        0.               495.582E-03        576.314E-03       -544.981E-06  
                2.455              2.30552E-03        0.               530.929E-03        569.709E-03         13.436E-03  
                2.46               2.4378E-03         0.               493.782E-03        598.109E-03         26.9825E-03 
                2.465              2.32325E-03        0.               545.293E-03        496.426E-03         40.5232E-03 
                2.47               2.90266E-03        0.               594.549E-03        673.845E-03         54.6328E-03 
                2.475              2.43169E-03        0.               502.751E-03        595.379E-03         68.3198E-03 
                2.48               1.70506E-03        0.               435.649E-03        413.161E-03         82.0972E-03 
                2.485              2.14562E-03        0.               407.504E-03        556.151E-03         96.0684E-03 
                2.49               1.45863E-03        0.               335.773E-03        335.104E-03        109.576E-03  
                2.495              1.69223E-03        0.               426.789E-03        407.03E-03         123.055E-03  
                2.5                2.30003E-03        0.               470.195E-03        582.041E-03        136.574E-03  
                2.505              2.04801E-03        0.               432.585E-03        489.298E-03        149.25E-03   
                2.51               1.22076E-03        0.               300.874E-03        304.217E-03        162.163E-03  
                2.515            445.505E-06          0.               208.213E-03        128.325E-03        175.206E-03  
                2.52             855.211E-06          0.               328.99E-03         278.812E-03        186.913E-03  
                2.525            241.968E-06          0.               216.947E-03        144.917E-03        197.957E-03  
                2.53             -89.9295E-06         0.               186.495E-03         38.5592E-03       208.267E-03  
                2.535            -73.1277E-06         0.               287.32E-03          18.3148E-03       218.602E-03  
                2.54            -180.851E-06          0.               260.378E-03          5.84854E-03      227.745E-03  
                2.545            287.031E-06          0.               221.304E-03        186.733E-03        234.287E-03  
                2.55            -410.497E-06          0.               229.254E-03        -20.9499E-03       241.548E-03  
                2.555           -480.46E-06           0.               253.673E-03        -79.1551E-03       248.377E-03  
                2.56            -705.209E-06          0.               361.381E-03        -97.427E-03        252.802E-03  
                2.565             -1.20588E-03        0.               407.332E-03       -163.526E-03        256.375E-03  
                2.57              -1.36838E-03        0.               412.411E-03       -189.621E-03        258.572E-03  
                2.575             -2.11784E-03        0.               523.704E-03       -412.05E-03         259.513E-03  
                2.58              -1.84352E-03        0.               497.355E-03       -324.315E-03        259.315E-03  
                2.585             -2.06516E-03        0.               539.336E-03       -362.487E-03        256.949E-03  
                2.59              -1.89051E-03        0.               516.155E-03       -315.838E-03        252.557E-03  
                2.595           -973.166E-06          0.               295.081E-03       -114.97E-03         247.076E-03  
                2.6             -242.273E-06          0.               248.84E-03        -521.131E-06        240.732E-03  
                2.605            438.11E-06           0.               359.418E-03        129.047E-03        233.46E-03   
                2.61            -104.098E-06          0.               158.922E-03          6.80136E-03      224.777E-03  
                2.615            558.894E-06          0.               214.708E-03        246.593E-03        214.36E-03   
                2.62               1.19357E-03        0.               314.54E-03         349.091E-03        204.714E-03  
                2.625              1.22188E-03        0.               372.956E-03        265.79E-03         195.361E-03  
                2.63               1.23559E-03        0.               369.469E-03        291.836E-03        183.905E-03  
                2.635            657.807E-06          0.               208.932E-03        193.363E-03        171.813E-03  
                2.64               1.03945E-03        0.               244.106E-03        358.971E-03        159.831E-03  
                2.645            376.692E-06          0.               304.103E-03        147.323E-03        147.882E-03  
                2.65             669.295E-06          0.               254.155E-03        164.157E-03        134.946E-03  
                2.655              1.64839E-03        0.               354.222E-03        414.77E-03         120.587E-03  
                2.66               1.92824E-03        0.               434.488E-03        471.65E-03         106.642E-03  
                2.665              2.9786E-03         0.               575.777E-03        736.951E-03         92.8973E-03 
                2.67               2.24942E-03        0.               534.822E-03        482.855E-03         78.8243E-03 
                2.675              2.4416E-03         0.               542.74E-03         548.987E-03         64.8156E-03 
                2.68               2.79983E-03        0.               539.443E-03        699.661E-03         50.8756E-03 
                2.685              1.89164E-03        0.               446.679E-03        455.56E-03          36.7608E-03 
                2.69               2.13643E-03        0.               446.863E-03        533.026E-03         23.0486E-03 
                2.695              2.46886E-03        0.               531.686E-03        563.457E-03          9.61714E-03
                2.7                2.87721E-03        0.               618.579E-03        656.99E-03          -4.72207E-03
                2.705              2.16116E-03        0.               433.546E-03        525.875E-03        -18.511E-03  
                2.71               2.4549E-03         0.               521.343E-03        586.877E-03        -31.8961E-03 
                2.715              2.67255E-03        0.               579.246E-03        632.438E-03        -45.7074E-03 
                2.72               1.71201E-03        0.               357.068E-03        401.907E-03        -59.2787E-03 
                2.725              2.65004E-03        0.               544.399E-03        652.402E-03        -73.2255E-03 
                2.73               2.45934E-03        0.               564.058E-03        568.889E-03        -86.378E-03  
                2.735              2.58745E-03        0.               530.309E-03        601.834E-03        -99.7795E-03 
                2.74               2.98742E-03        0.               607.107E-03        707.313E-03       -114.07E-03   
                2.745              2.8607E-03         0.               630.135E-03        642.266E-03       -126.52E-03   
                2.75               3.56796E-03        0.               717.873E-03        844.615E-03       -139.08E-03   
                2.755              3.11457E-03        0.               647.331E-03        710.605E-03       -152.397E-03  
                2.76               3.91238E-03        0.               808.275E-03        873.079E-03       -164.115E-03  
                2.765              4.67237E-03        0.               952.345E-03          1.0595          -175.36E-03   
                2.77               4.26738E-03        0.               893.992E-03        954.296E-03       -186.167E-03  
                2.775              3.85006E-03        0.               796.375E-03        856.822E-03       -195.878E-03  
                2.78               4.03125E-03        0.               823.876E-03        917.086E-03       -205.548E-03  
                2.785              5.52196E-03        0.                 1.10898            1.28005         -213.966E-03  
                2.79               5.40276E-03        0.                 1.12204            1.17375         -220.887E-03  
                2.795              5.54658E-03        0.                 1.17025            1.1946          -227.191E-03  
                2.8                5.70338E-03        0.                 1.19367            1.25197         -231.765E-03  
                2.805              5.33372E-03        0.                 1.09518            1.18256         -235.971E-03  
                2.81               5.43167E-03        0.                 1.08171            1.26676         -238.971E-03  
                2.815              4.93903E-03        0.                 1.04503            1.09796         -239.134E-03  
                2.82               6.05759E-03        0.                 1.2635             1.31519         -239.314E-03  
                2.825              6.46137E-03        0.                 1.33814            1.40667         -238.66E-03   
                2.83               6.87505E-03        0.                 1.40924            1.50889         -235.691E-03  
                2.835              7.13825E-03        0.                 1.47181            1.57846         -230.688E-03  
                2.84               5.23758E-03        0.                 1.1259             1.13099         -224.31E-03   
                2.845              4.8223E-03         0.               966.588E-03          1.09154         -217.77E-03   
                2.85               4.60567E-03        0.               965.058E-03          1.0367          -208.995E-03  
                2.855              4.70797E-03        0.               994.59E-03           1.06858         -199.086E-03  
                2.86               3.82921E-03        0.               770.953E-03        879.897E-03       -189.33E-03   
                2.865              2.51573E-03        0.               573.528E-03        540.731E-03       -178.42E-03   
                2.87               3.57125E-03        0.               727.873E-03        834.729E-03       -167.461E-03  
                2.875              3.33732E-03        0.               663.648E-03        811.607E-03       -155.866E-03  
                2.88               3.24339E-03        0.               708.322E-03        744.679E-03       -144.094E-03  
                2.885              3.477E-03          0.               749.976E-03        753.021E-03       -131.84E-03   
                2.89               3.28962E-03        0.               690.284E-03        751.411E-03       -118.52E-03   
                2.895              3.56794E-03        0.               751.637E-03        836.198E-03       -106.179E-03  
                2.9                3.44546E-03        0.               715.942E-03        787.507E-03        -92.6371E-03 
                2.905              3.3054E-03         0.               692.662E-03        772.777E-03        -78.0361E-03 
                2.91               2.12136E-03        0.               467.869E-03        469.266E-03        -64.2251E-03 
                2.915              2.06295E-03        0.               454.588E-03        498.302E-03        -49.7526E-03 
                2.92               2.40837E-03        0.               521.716E-03        607.232E-03        -35.6552E-03 
                2.925              1.7806E-03         0.               365.955E-03        445.077E-03        -21.5322E-03 
                2.93               1.57032E-03        0.               353.46E-03         391.309E-03         -7.14892E-03
                2.935              1.56656E-03        0.               403.02E-03         352.319E-03          6.33433E-03
                2.94               2.66146E-03        0.               536.675E-03        664.553E-03         20.4548E-03 
                2.945              2.24861E-03        0.               481.526E-03        544.976E-03         33.8399E-03 
                2.95               1.88898E-03        0.               425.17E-03         427.179E-03         46.7234E-03 
                2.955              2.76128E-03        0.               564.099E-03        675.636E-03         61.4435E-03 
                2.96               2.42861E-03        0.               551.912E-03        554.98E-03          74.9605E-03 
                2.965              2.28849E-03        0.               475.456E-03        539.001E-03         87.8662E-03 
                2.97               1.79262E-03        0.               374.873E-03        439.103E-03        101.983E-03  
                2.975              1.92803E-03        0.               417.822E-03        480.398E-03        115.338E-03  
                2.98               1.46537E-03        0.               366.824E-03        398.088E-03        128.967E-03  
                2.985            991.747E-06          0.               278.087E-03        246.607E-03        141.763E-03  
                2.99               2.27045E-03        0.               462.012E-03        545.601E-03        154.034E-03  
                2.995              1.74185E-03        0.               416.093E-03        426.112E-03        167.383E-03  
                3.               958.497E-06          0.               290.695E-03        253.794E-03        179.006E-03  