                0.                 0.                 0.                 0.                 0.                 0.         
              100.E-03            76.2874E-09         0.                15.4995E-06        19.1866E-06       390.216E-06  
              200.E-03             2.23424E-06        0.               400.666E-06        583.021E-06          1.59087E-03
              300.E-03            18.286E-06          0.                 3.4222E-03         4.82104E-03        3.98115E-03
              400.E-03            71.8214E-06         0.                13.9268E-03        19.0392E-03         7.82561E-03
              500.E-03           155.2E-06            0.                31.0404E-03        41.3085E-03        13.344E-03  
              600.E-03           178.844E-06          0.                37.4074E-03        47.8543E-03        20.7183E-03 
              700.E-03            53.5414E-06         0.                16.5513E-03        14.914E-03         30.0713E-03 
              800.E-03          -186.497E-06          0.                33.1644E-03       -48.3093E-03        41.4974E-03 
              900.E-03          -486.319E-06          0.                87.614E-03       -127.099E-03         55.1505E-03 
                1.              -879.979E-06          0.               160.231E-03       -230.674E-03         71.4149E-03 
                1.1               -1.3603E-03         0.               249.389E-03       -357.149E-03         90.8224E-03 
                1.2               -1.87335E-03        0.               344.191E-03       -492.085E-03        113.722E-03  
                1.3               -2.41391E-03        0.               444.098E-03       -634.254E-03        140.032E-03  
                1.4               -2.95982E-03        0.               544.512E-03       -777.684E-03        169.534E-03  
                1.5               -3.53735E-03        0.               650.119E-03       -929.244E-03        202.071E-03  
                1.6               -4.24967E-03        0.               781.533E-03         -1.11651          237.375E-03  
                1.7               -5.10452E-03        0.               939.886E-03         -1.34145          274.969E-03  
                1.8               -6.04575E-03        0.                 1.11419           -1.58909          314.505E-03  
                1.9               -7.04151E-03        0.                 1.29851           -1.85106          355.839E-03  
                2.                -8.05884E-03        0.                 1.48847           -2.11732          399.215E-03  
                2.1               -8.89526E-03        0.                 1.65938           -2.32442          444.213E-03  
                2.2               -9.70622E-03        0.                 1.8353            -2.51806          489.832E-03  
                2.3              -10.5961E-03       104.387E-06          2.00261           -2.71741          534.511E-03  
                2.4              -11.5412E-03       880.334E-06          2.02201           -2.82901          576.923E-03  
                2.5              -12.2478E-03         1.51639E-03        2.0379            -2.89449          616.04E-03   
                2.6              -12.977E-03          2.22368E-03        2.05556           -2.94677          651.268E-03  
                2.7              -13.8428E-03         3.07463E-03        2.07677           -3.01217          682.479E-03  
                2.8              -14.6365E-03         3.85681E-03        2.09624           -3.07267          709.306E-03  
                2.9              -15.2946E-03         4.50918E-03        2.11245           -3.1224           730.978E-03  
                3.               -15.824E-03          5.04076E-03        2.12564           -3.16203          747.296E-03  
                3.1              -16.1148E-03         5.33104E-03        2.13285           -3.1834           758.639E-03  
                3.2              -16.2473E-03         5.46884E-03        2.13627           -3.19104          764.936E-03  
                3.3              -16.3713E-03         5.5844E-03         2.13913           -3.20479          765.521E-03  
                3.4              -16.1084E-03         5.5844E-03         2.09056           -3.13542          759.43E-03   
                3.5              -15.5204E-03         5.5844E-03         1.97887           -2.97998          745.954E-03  
                3.6              -14.8783E-03         5.5844E-03         1.86144           -2.81078          724.636E-03  
                3.7              -14.3102E-03         5.5844E-03         1.76072           -2.66173          695.077E-03  
                3.8              -13.6185E-03         5.5844E-03         1.63927           -2.48014          657.141E-03  
                3.9              -12.7433E-03         5.5844E-03         1.48289           -2.25001          611.06E-03   
                4.               -11.7028E-03         5.5844E-03         1.301             -1.97653          557.708E-03  
                4.1              -10.4971E-03         5.5844E-03         1.09333           -1.6597           498.753E-03  
                4.2               -9.03891E-03        5.5844E-03       849.67E-03          -1.27608          435.219E-03  
                4.3               -7.3604E-03         5.5844E-03       598.005E-03       -834.693E-03        367.138E-03  
                4.4               -5.37609E-03        5.5844E-03       409.919E-03       -312.041E-03        294.834E-03  
                4.5               -3.3024E-03         5.5844E-03       511.27E-03         233.991E-03        219.057E-03  
                4.6               -1.33484E-03        5.5844E-03       792.256E-03        751.797E-03        140.257E-03  
                4.7              280.348E-06          5.5844E-03         1.06606            1.16964           58.9779E-03 
                4.8                1.66241E-03        5.5844E-03         1.32663            1.50697          -23.9322E-03 
                4.9                3.12655E-03        5.5844E-03         1.62182            1.85692         -107.09E-03   
                5.                 4.77283E-03        5.93568E-03        1.87335            2.20052         -188.987E-03  
                5.1                6.56749E-03        7.32095E-03        1.90665            2.42429         -268.31E-03   
                5.2                8.1015E-03         8.62231E-03        1.93789            2.58055         -344.192E-03  
                5.3                9.55425E-03        9.95626E-03        1.97014            2.69915         -417.069E-03  
                5.4               11.0109E-03        11.3666E-03         2.00442            2.80618         -488.061E-03  
                5.5               12.3E-03           12.6585E-03         2.03598            2.89275         -557.132E-03  
                5.6               13.375E-03         13.7231E-03         2.06211            2.97073         -623.847E-03  
                5.7               14.2241E-03        14.5895E-03         2.08339            3.02489         -688.508E-03  
                5.8               14.9335E-03        15.3046E-03         2.10099            3.073           -752.146E-03  
                5.9               15.4886E-03        15.8818E-03         2.11519            3.10478         -815.549E-03  
                6.                16.2809E-03        16.6745E-03         2.13471            3.16555         -878.231E-03  
                6.1               17.1073E-03        17.5044E-03         2.15509            3.23429         -938.161E-03  
                6.2               17.4183E-03        17.8105E-03         2.16273            3.25386         -993.343E-03  
                6.3               17.5497E-03        17.9555E-03         2.16631            3.2569            -1.04269    
                6.4               17.8504E-03        18.2479E-03         2.17361            3.27801           -1.08614    
                6.5               18.6248E-03        19.0098E-03         2.19237            3.34789           -1.12361    
                6.6               20.0818E-03        20.4265E-03         2.22727            3.49243           -1.15482    
                6.7               21.3872E-03        21.718E-03          2.25903            3.62035           -1.17875    
                6.8               22.1457E-03        22.47E-03           2.27759            3.69118           -1.19497    
                6.9               22.6414E-03        22.9635E-03         2.28977            3.73723           -1.20513    
                7.                23.1064E-03        23.4284E-03         2.30119            3.78286           -1.21089    
                7.1               23.4562E-03        23.7663E-03         2.30952            3.82107           -1.21221    
                7.2               23.2081E-03        23.7663E-03         2.27042            3.75613           -1.20755    
                7.3               22.2046E-03        23.7663E-03         2.07625            3.49014           -1.19504    
                7.4               21.085E-03         23.7663E-03         1.8762             3.19458           -1.17393    
                7.5               20.2836E-03        23.7663E-03         1.732              2.98353           -1.14422    
                7.6               19.7478E-03        23.7663E-03         1.65475            2.84393           -1.1049     
                7.7               19.022E-03         23.7663E-03         1.53286            2.65348           -1.05505    
                7.8               18.0236E-03        23.7663E-03         1.37196            2.39091         -996.087E-03  
                7.9               16.8664E-03        23.7663E-03         1.1917             2.08708         -931.203E-03  
                8.                15.5441E-03        23.7663E-03         1.001              1.73931         -863.007E-03  
                8.1               13.9861E-03        23.7663E-03       825.106E-03          1.33092         -791.699E-03  
                8.2               11.6545E-03        23.7663E-03       667.852E-03        716.074E-03       -716.499E-03  
                8.3                8.94899E-03       23.7663E-03       804.497E-03          2.60356E-03     -637.74E-03   
                8.4                6.73905E-03       23.7663E-03         1.0975          -573.572E-03       -556.119E-03  
                8.5                5.21874E-03       23.7663E-03         1.35214         -944.343E-03       -471.85E-03   
                8.6                3.84929E-03       23.7663E-03         1.60443           -1.2703          -384.803E-03  
                8.7                2.08081E-03       24.6171E-03         1.73538           -1.56591         -295.632E-03  
                8.8              143.273E-06         26.0667E-03         1.76414           -1.81329         -206.547E-03  
                8.9               -1.13279E-03       27.124E-03          1.78528           -1.93923         -120.737E-03  
                9.                -2.31699E-03       28.1732E-03         1.80712           -2.03386          -39.6017E-03 
                9.1               -3.7235E-03        29.4967E-03         1.83529           -2.13427           38.5313E-03 
                9.2               -5.31844E-03       31.0368E-03         1.86989           -2.24698          114.718E-03  
                9.3               -6.9096E-03        32.5887E-03         1.90591           -2.36729          187.995E-03  
                9.4               -8.29431E-03       33.9688E-03         1.93862           -2.46571          258.362E-03  
                9.5               -9.35757E-03       35.0393E-03         1.96423           -2.54188          326.997E-03  
                9.6              -10.0532E-03        35.7383E-03         1.98123           -2.58591          395.788E-03  
                9.7              -11.0393E-03        36.7099E-03         2.00482           -2.66468          466.13E-03   
                9.8              -12.3077E-03        37.9688E-03         2.03528           -2.77718          537.461E-03  
                9.9              -12.783E-03         38.4382E-03         2.0469            -2.81042          608.034E-03  
               10.               -12.7711E-03        38.4429E-03         2.0471            -2.79828          676.898E-03  
               10.1              -12.7951E-03        38.4673E-03         2.04789           -2.7919           742.102E-03  
               10.2              -12.9536E-03        38.636E-03          2.05206           -2.79718          802.831E-03  
               10.3              -13.6114E-03        39.2645E-03         2.06754           -2.85625          859.028E-03  
               10.4              -14.8557E-03        40.4739E-03         2.09707           -2.97602          909.016E-03  
               10.5              -16.1816E-03        41.7606E-03         2.12864           -3.10433          950.336E-03  
               10.6              -17.6312E-03        43.1907E-03         2.16371           -3.2423           983.498E-03  
               10.7              -19.1254E-03        44.6626E-03         2.19981           -3.39277            1.01123    
               10.8              -20.1377E-03        45.6778E-03         2.22483           -3.48401            1.0347     
               10.9              -21.4812E-03        47.0162E-03         2.25765           -3.62194            1.05474    
               11.               -22.5114E-03        48.0503E-03         2.28299           -3.72837            1.07114    
               11.1              -22.2818E-03        48.0503E-03         2.23182           -3.66743            1.08265    
               11.2              -21.4715E-03        48.0503E-03         2.06986           -3.45122            1.08851    
               11.3              -21.0272E-03        48.0503E-03         1.99631           -3.33519            1.08789    
               11.4              -20.4366E-03        48.0503E-03         1.88997           -3.17908            1.07916    
               11.5              -19.8555E-03        48.0503E-03         1.78225           -3.02556            1.05996    
               11.6              -19.5058E-03        48.0503E-03         1.73729           -2.93523            1.02811    
               11.7              -18.8842E-03        48.0503E-03         1.62239           -2.77075          985.279E-03  
               11.8              -18.4302E-03        48.0503E-03         1.55725           -2.65262          935.651E-03  
               11.9              -18.0262E-03        48.0503E-03         1.50881           -2.54837          880.298E-03  
               12.               -16.7979E-03        48.0503E-03         1.31475           -2.22581          819.233E-03  
               12.1              -14.6779E-03        48.0503E-03       991.112E-03         -1.66659          754.241E-03  
               12.2              -12.1188E-03        48.0503E-03       700.273E-03       -991.6E-03          685.591E-03  
               12.3               -9.86354E-03       48.0503E-03       679.399E-03       -397.452E-03        612.681E-03  
               12.4               -7.96284E-03       48.0503E-03       852.856E-03        101.204E-03        535.234E-03  
               12.5               -5.90224E-03       48.0503E-03         1.12853          640.292E-03        451.28E-03   
               12.6               -4.24812E-03       48.0503E-03         1.39962            1.05008          361.19E-03   
               12.7               -3.19157E-03       48.0503E-03         1.59762            1.29717          269.668E-03  
               12.8               -1.76912E-03       48.5358E-03         1.74808            1.56432          179.605E-03  
               12.9             -123.314E-06         49.746E-03          1.77248            1.77373           91.6368E-03 
               13.                 1.53629E-03       51.0413E-03         1.79914            1.96261            6.59959E-03
               13.1                3.76131E-03       52.944E-03          1.8394             2.1771           -74.5441E-03 
               13.2                5.85573E-03       54.9159E-03         1.88344            2.33987         -151.357E-03  
               13.3                7.1991E-03        56.2486E-03         1.91455            2.42144         -225.163E-03  
               13.4                8.33706E-03       57.3877E-03         1.94161            2.49141         -298.253E-03  
               13.5                9.92391E-03       58.9571E-03         1.97921            2.61529         -371.26E-03   
               13.6               11.2104E-03        60.2415E-03         2.0103             2.71352         -445.357E-03  
               13.7               11.9653E-03        60.9957E-03         2.02873            2.76708         -521.479E-03  
               13.8               12.4674E-03        61.4998E-03         2.0411             2.80015         -597.431E-03  
               13.9               12.8051E-03        61.8479E-03         2.04968            2.81688         -671.286E-03  
               14.                13.2701E-03        62.308E-03          2.061              2.85084         -744.323E-03  
               14.1               13.6393E-03        62.6785E-03         2.07009            2.87701         -815.586E-03  
               14.2               13.9363E-03        62.9657E-03         2.0773             2.8951          -880.743E-03  
               14.3               14.9409E-03        63.9447E-03         2.10124            2.98834         -937.736E-03  
               14.4               16.1441E-03        65.1016E-03         2.12968            3.10481         -987.409E-03  
               14.5               16.9976E-03        65.9491E-03         2.15054            3.17665           -1.03       
               14.6               18.5907E-03        67.4972E-03         2.18865            3.33239           -1.0659     
               14.7               20.9994E-03        69.8966E-03         2.24744            3.5766            -1.09602    
               14.8               22.417E-03         71.3088E-03         2.28223            3.71656           -1.12144    
               14.9               22.8271E-03        71.7397E-03         2.29292            3.74427           -1.1431     
               15.                23.4666E-03        72.3663E-03         2.30833            3.81411           -1.16033    
               15.1               23.4413E-03        72.3663E-03         2.30485            3.80494           -1.17316    
               15.2               22.7715E-03        72.3663E-03         2.17156            3.627             -1.18162    
               15.3               22.1219E-03        72.3663E-03         2.05482            3.45534           -1.18307    
               15.4               21.4874E-03        72.3663E-03         1.94137            3.2884            -1.17409    
               15.5               20.7852E-03        72.3663E-03         1.81668            3.1029            -1.1534     
               15.6               20.1981E-03        72.3663E-03         1.71348            2.94851           -1.12109    
               15.7               19.9806E-03        72.3663E-03         1.68628            2.89215           -1.07734    
               15.8               19.8769E-03        72.3663E-03         1.68611            2.8673            -1.02533    
               15.9               19.1876E-03        72.3663E-03         1.58334            2.68706         -967.547E-03  
               16.                17.5743E-03        72.3663E-03         1.31092            2.26157         -904.373E-03  
               16.1               15.6785E-03        72.3663E-03         1.03358            1.76278         -838.185E-03  
               16.2               13.2487E-03        72.3663E-03       757.241E-03          1.12287         -770.113E-03  
               16.3               10.5477E-03        72.3663E-03       692.379E-03        409.651E-03       -698.732E-03  
               16.4                8.34397E-03       72.3663E-03       908.304E-03       -169.055E-03       -622.096E-03  
               16.5                6.34132E-03       72.3663E-03         1.18736         -687.852E-03       -540.582E-03  
               16.6                4.69965E-03       72.3663E-03         1.46538           -1.08812         -456.162E-03  
               16.7                3.795E-03         72.3663E-03         1.63742           -1.29887         -371.604E-03  
               16.8                2.83154E-03       72.7533E-03         1.72786           -1.46632         -289.939E-03  
               16.9                1.15298E-03       73.9862E-03         1.75101           -1.68197         -214.175E-03  
               17.              -675.623E-06         75.4017E-03         1.77866           -1.90087         -146.1E-03    
               17.1               -2.15858E-03       76.6655E-03         1.80461           -2.03792          -85.4467E-03 
               17.2               -3.91347E-03       78.2838E-03         1.83894           -2.17727          -33.1313E-03 
               17.3               -5.65945E-03       79.9536E-03         1.87645           -2.31351           12.1232E-03 
               17.4               -6.76865E-03       81.0653E-03         1.90222           -2.38453           53.5115E-03 
               17.5               -7.66741E-03       81.9544E-03         1.92315           -2.45155           91.0905E-03 
               17.6               -8.07653E-03       82.3749E-03         1.93315           -2.4741           124.017E-03  
               17.7               -8.35277E-03       82.6444E-03         1.93956           -2.49721          152.86E-03   
               17.8               -7.84707E-03       82.6444E-03         1.83506           -2.36254          176.9E-03    
               17.9               -7.38205E-03       82.6444E-03         1.7392            -2.238            193.27E-03   
               18.                -7.32945E-03       82.6444E-03         1.73993           -2.22617          200.361E-03  
               18.1               -6.8987E-03        82.6444E-03         1.65055           -2.11088          197.597E-03  
               18.2               -6.65784E-03       82.6444E-03         1.60563           -2.04741          183.874E-03  
               18.3               -6.94338E-03       82.6444E-03         1.66904           -2.12455          160.094E-03  
               18.4               -6.99177E-03       82.6444E-03         1.68238           -2.13813          129.558E-03  
               18.5               -6.55231E-03       82.6444E-03         1.60543           -2.02312           94.6674E-03 
               18.6               -5.80059E-03       82.6444E-03         1.46844           -1.82533           55.7987E-03 
               18.7               -4.41273E-03       82.6444E-03         1.22078           -1.46088           14.2222E-03 
               18.8               -2.36387E-03       82.6444E-03       831.984E-03       -918.453E-03        -28.8667E-03 
               18.9             -524.956E-06         82.6444E-03       515.214E-03       -434.913E-03        -75.3575E-03 
               19.               962.956E-06         82.6444E-03       296.297E-03        -42.8687E-03      -126.951E-03  
               19.1                2.42354E-03       82.6444E-03       249.903E-03        341.055E-03       -182.962E-03  
               19.2                3.63771E-03       82.6444E-03       390.356E-03        661.349E-03       -242.567E-03  
               19.3                4.26345E-03       82.6444E-03       492.143E-03        824.174E-03       -304.242E-03  
               19.4                4.78828E-03       82.6444E-03       585.226E-03        959.933E-03       -363.606E-03  
               19.5                6.0364E-03        82.6444E-03       794.755E-03          1.28956         -418.372E-03  
               19.6                7.34933E-03       82.6444E-03         1.02684            1.63448         -468.162E-03  
               19.7                8.69183E-03       82.6444E-03         1.27878            1.97905         -511.326E-03  
               19.8               10.2107E-03        82.6444E-03         1.58602            2.35184         -547.639E-03  
               19.9               11.503E-03         82.6444E-03         1.86111            2.66472         -579.155E-03  
               20.                12.3539E-03        82.6444E-03         2.04055            2.86975         -607.511E-03  
               20.1               13.0566E-03        83.1559E-03         2.06359            2.9616          -631.922E-03  
               20.2               13.5693E-03        83.56E-03           2.07466            3.03001         -651.168E-03  
               20.3               13.02E-03          83.56E-03           1.96176            2.88248         -665.555E-03  
               20.4               12.5275E-03        83.56E-03           1.86792            2.75179         -673.299E-03  
               20.5               12.5283E-03        83.56E-03           1.87125            2.75329         -672.419E-03  
               20.6               12.3127E-03        83.56E-03           1.83089            2.69604         -662.842E-03  
               20.7               12.0573E-03        83.56E-03           1.78269            2.62907         -644.407E-03  
               20.8               11.9445E-03        83.56E-03           1.76518            2.59983         -617.448E-03  
               20.9               11.7927E-03        83.56E-03           1.74027            2.56155         -584.945E-03  
               21.                11.1217E-03        83.56E-03           1.61811            2.38481         -549.75E-03   
               21.1               10.0334E-03        83.56E-03           1.41294            2.09828         -511.068E-03  
               21.2                8.70698E-03       83.56E-03           1.17059            1.74927         -469.116E-03  
               21.3                6.87847E-03       83.56E-03         825.956E-03          1.26702         -425.292E-03  
               21.4                5.05966E-03       83.56E-03         488.881E-03        786.307E-03       -378.515E-03  
               21.5                3.98057E-03       83.56E-03         293.692E-03        504.24E-03        -327.704E-03  
               21.6                2.90228E-03       83.56E-03         106.528E-03        220.782E-03       -273.71E-03   
               21.7                1.62203E-03       83.56E-03         171.727E-03       -116.946E-03       -217.99E-03   
               21.8              916.1E-06           83.56E-03         283.238E-03       -301.668E-03       -162.168E-03  
               21.9              290.629E-06         83.56E-03         389.143E-03       -463.867E-03       -109.473E-03  
               22.              -938.924E-06         83.56E-03         620.772E-03       -788.982E-03        -62.1434E-03 
               22.1               -2.27943E-03       83.56E-03         868.608E-03         -1.14119          -19.8766E-03 
               22.2               -3.46815E-03       83.56E-03           1.10015           -1.44849           17.3294E-03 
               22.3               -4.64378E-03       83.56E-03           1.34478           -1.73874           48.6006E-03 
               22.4               -5.65409E-03       83.56E-03           1.56897           -1.98721           74.5727E-03 
               22.5               -5.96607E-03       83.56E-03           1.63572           -2.05644           97.511E-03  
               22.6               -6.243E-03         83.56E-03           1.69563           -2.12299          116.111E-03  
               22.7               -6.42731E-03       83.56E-03           1.73939           -2.16916          128.512E-03  
               22.8               -6.03886E-03       83.56E-03           1.65772           -2.06543          135.249E-03  
               22.9               -5.49525E-03       83.56E-03           1.55576           -1.92151          134.816E-03  
               23.                -5.34261E-03       83.56E-03           1.52442           -1.88117          125.941E-03  
               23.1               -5.3766E-03        83.56E-03           1.54302           -1.8922           109.399E-03  
               23.2               -4.92781E-03       83.56E-03           1.45359           -1.77304           85.7997E-03 
               23.3               -4.47986E-03       83.56E-03           1.37264           -1.65539           55.5084E-03 
               23.4               -4.14939E-03       83.56E-03           1.32287           -1.57042           20.398E-03  
               23.5               -3.08175E-03       83.56E-03           1.12              -1.28838          -16.7214E-03 
               23.6               -1.80246E-03       83.56E-03         885.191E-03       -951.277E-03        -56.55E-03   
               23.7             -568.777E-06         83.56E-03         663.977E-03       -627.206E-03        -99.802E-03  
               23.8                1.06465E-03       83.56E-03         375.643E-03       -196.547E-03       -145.457E-03  
               23.9                2.73044E-03       83.56E-03         141.872E-03        243.592E-03       -193.229E-03  
               24.                 3.6499E-03        83.56E-03         217.702E-03        483.927E-03       -243.87E-03   
               24.1                4.51005E-03       83.56E-03         346.59E-03         709.18E-03        -296.221E-03  
               24.2                5.67189E-03       83.56E-03         543.366E-03          1.0159          -348.017E-03  
               24.3                6.57569E-03       83.56E-03         704.427E-03          1.25279         -398.311E-03  
               24.4                7.38103E-03       83.56E-03         849.011E-03          1.46405         -445.055E-03  
               24.5                8.48155E-03       83.56E-03           1.0488             1.75337         -485.849E-03  
               24.6                9.82797E-03       83.56E-03           1.29947            2.10806         -521.348E-03  
               24.7               10.7121E-03        83.56E-03           1.46996            2.33313         -552.86E-03   
               24.8               11.4987E-03        83.56E-03           1.63027            2.52522         -578.921E-03  
               24.9               12.3331E-03        83.56E-03           1.80766            2.73247         -599.631E-03  
               25.                12.4041E-03        83.56E-03           1.82294            2.74448         -616.467E-03  
               25.1               12.3075E-03        83.56E-03           1.80155            2.71807         -628.084E-03  
               25.2               12.3795E-03        83.56E-03           1.81871            2.73781         -633.145E-03  
               25.3               12.1372E-03        83.56E-03           1.77117            2.67373         -631.686E-03  
               25.4               11.5604E-03        83.56E-03           1.66314            2.52082         -623.368E-03  
               25.5               11.3086E-03        83.56E-03           1.61445            2.45455         -607.223E-03  
               25.6               11.2573E-03        83.56E-03           1.61368            2.44327         -583.809E-03  
               25.7               10.5849E-03        83.56E-03           1.48382            2.26518         -555.358E-03  
               25.8                9.90544E-03       83.56E-03           1.35933            2.08622         -521.85E-03   
               25.9                9.3353E-03        83.56E-03           1.25911            1.93841         -484.007E-03  
               26.                 8.03916E-03       83.56E-03           1.01525            1.59542         -444.145E-03  
               26.1                6.65691E-03       83.56E-03         760.38E-03           1.23181         -402.267E-03  
               26.2                5.38374E-03       83.56E-03         527.335E-03        896.352E-03       -357.103E-03  
               26.3                4.10806E-03       83.56E-03         298.839E-03        561.313E-03       -309.888E-03  
               26.4                2.65706E-03       83.56E-03         112.366E-03        178.232E-03       -261.611E-03  
               26.5                1.60755E-03       83.56E-03         216.412E-03        -97.7127E-03      -211.54E-03   
               26.6              917.153E-06         83.56E-03         316.844E-03       -277.392E-03       -161.476E-03  
               26.7             -154.765E-06         83.56E-03         515.887E-03       -560.146E-03       -113.861E-03  
               26.8               -1.27754E-03       83.56E-03         723.075E-03       -855.977E-03        -69.2149E-03 
               26.9               -2.01803E-03       83.56E-03         853.545E-03         -1.0497           -28.3675E-03 
               27.                -3.09727E-03       83.56E-03           1.05231           -1.33352            6.79341E-03
               27.1               -4.28702E-03       83.56E-03           1.28855           -1.64483           36.365E-03  
               27.2               -4.80713E-03       83.56E-03           1.38653           -1.77488           61.8766E-03 
               27.3               -5.26982E-03       83.56E-03           1.48184           -1.88768           82.3769E-03 
               27.4               -5.85224E-03       83.56E-03           1.61276           -2.0328            97.2505E-03 
               27.5               -5.83015E-03       83.56E-03           1.60415           -2.02471          107.178E-03  
               27.6               -5.5105E-03        83.56E-03           1.54274           -1.93922          111.475E-03  
               27.7               -5.38463E-03       83.56E-03           1.51754           -1.90661          108.652E-03  
               27.8               -5.2187E-03        83.56E-03           1.49365           -1.86337           98.7628E-03 
               27.9               -4.6639E-03        83.56E-03           1.38349           -1.71673           83.1407E-03 
               28.                -4.2548E-03        83.56E-03           1.31059           -1.60871           60.3916E-03 
               28.1               -3.99684E-03       83.56E-03           1.27071           -1.54316           31.1301E-03 
               28.2               -3.14588E-03       83.56E-03           1.11053           -1.31773           -1.70176E-03
               28.3               -2.18299E-03       83.56E-03         931.307E-03         -1.06466          -38.3378E-03 
               28.4               -1.32529E-03       83.56E-03         780.773E-03       -839.237E-03        -78.6952E-03 
               28.5             -167.386E-06         83.56E-03         571.717E-03       -535.243E-03       -121.051E-03  
               28.6                1.44036E-03       83.56E-03         282.857E-03       -110.072E-03       -165.244E-03  
               28.7                2.64259E-03       83.56E-03         135.231E-03        205.917E-03       -211.924E-03  
               28.8                3.59076E-03       83.56E-03         214.628E-03        453.956E-03       -260.063E-03  
               28.9                4.93228E-03       83.56E-03         422.742E-03        808.342E-03       -307.966E-03  
               29.                 5.98926E-03       83.56E-03         610.703E-03          1.08632         -355.979E-03  
               29.1                6.66639E-03       83.56E-03         732.072E-03          1.26282         -402.798E-03  
               29.2                7.74756E-03       83.56E-03         928.731E-03          1.54771         -445.829E-03  
               29.3                8.91363E-03       83.56E-03           1.14538            1.85577         -484.436E-03  
               29.4                9.58236E-03       83.56E-03           1.26476            2.03014         -519.201E-03  
               29.5               10.4866E-03        83.56E-03           1.43405            2.26625         -548.805E-03  
               29.6               11.3786E-03        83.56E-03           1.61191            2.4964          -572.555E-03  
               29.7               11.7078E-03        83.56E-03           1.67554            2.57448         -591.964E-03  
               29.8               11.925E-03         83.56E-03           1.72257            2.62784         -606.381E-03  
               29.9               12.1132E-03        83.56E-03           1.75949            2.67301         -614.443E-03  
               30.                12.1811E-03        83.56E-03           1.77665            2.69153         -616.86E-03   
               30.1               11.7249E-03        83.56E-03           1.68698            2.57028         -613.678E-03  
               30.2               11.3668E-03        83.56E-03           1.61953            2.47511         -603.083E-03  
               30.3               11.3042E-03        83.56E-03           1.61479            2.46142         -585.748E-03  
               30.4               10.5766E-03        83.56E-03           1.4747             2.26758         -563.274E-03  
               30.5                9.97343E-03       83.56E-03           1.36435            2.10976         -534.916E-03  
               30.6                9.51497E-03       83.56E-03           1.2836             1.98997         -501.201E-03  
               30.7                8.56054E-03       83.56E-03           1.10568            1.73886         -464.364E-03  
               30.8                7.31233E-03       83.56E-03         874.642E-03          1.40917         -424.714E-03  
               30.9                6.31521E-03       83.56E-03         691.347E-03          1.14737         -382.053E-03  
               31.                 5.25581E-03       83.56E-03         501.311E-03        869.737E-03       -337.3E-03    
               31.1                3.65061E-03       83.56E-03         224.389E-03        444.978E-03       -291.647E-03  
               31.2                2.55808E-03       83.56E-03         114.359E-03        158.247E-03       -244.493E-03  
               31.3                1.67397E-03       83.56E-03         202.39E-03         -73.0811E-03      -196.518E-03  
               31.4              467.307E-06         83.56E-03         416.689E-03       -391.714E-03       -150.266E-03  
               31.5             -576.122E-06         83.56E-03         604.363E-03       -665.968E-03       -105.698E-03  
               31.6               -1.33197E-03       83.56E-03         738.362E-03       -864.172E-03        -63.131E-03  
               31.7               -2.29443E-03       83.56E-03         913.549E-03         -1.11709          -25.1608E-03 
               31.8               -3.39891E-03       83.56E-03           1.12479           -1.40917            7.67522E-03
               31.9               -4.07928E-03       83.56E-03           1.24807           -1.58635           36.523E-03  
               32.                -4.52191E-03       83.56E-03           1.33324           -1.69806           60.1792E-03 