                0.                 0.                 0.                 0.                 0.                 0.         
                5.E-03          -197.663E-06          0.                41.4583E-03       -67.943E-03          1.3336E-03 
               10.E-03          -502.007E-06          0.               159.41E-03        -194.329E-03          4.33343E-03
               15.E-03          -834.915E-06          0.               320.212E-03       -332.822E-03          7.13778E-03
               20.E-03            -1.37913E-03        0.               435.569E-03       -503.907E-03          9.78874E-03
               25.E-03            -1.86706E-03        0.               518.847E-03       -648.71E-03          12.7823E-03 
               30.E-03            -2.3833E-03         0.               644.166E-03       -810.045E-03         16.2289E-03 
               35.E-03            -3.06781E-03        0.               792.432E-03         -1.03016           20.6578E-03 
               40.E-03            -3.69726E-03        0.               927.059E-03         -1.24428           25.5957E-03 
               45.E-03            -4.24558E-03        0.                 1.0524            -1.4356            30.7371E-03 
               50.E-03            -4.72842E-03        0.                 1.1501            -1.61319           36.541E-03  
               55.E-03            -5.17945E-03        0.                 1.2461            -1.79303           43.0512E-03 
               60.E-03            -5.63548E-03        0.                 1.3579            -1.97845           50.0823E-03 
               65.E-03            -6.03547E-03        0.                 1.45001           -2.15253           57.9413E-03 
               70.E-03            -6.35857E-03        0.                 1.52985           -2.3129            66.7104E-03 
               75.E-03            -6.62588E-03        0.                 1.61884           -2.46883           76.0328E-03 
               80.E-03            -6.83174E-03        0.                 1.7066            -2.62042           85.7223E-03 
               85.E-03            -7.01226E-03        0.                 1.79557           -2.76752           95.7185E-03 
               90.E-03            -7.03365E-03        0.                 1.8817            -2.86307          106.233E-03  
               95.E-03            -6.86549E-03        0.                 1.97236           -2.90783          117.807E-03  
              100.E-03            -6.67007E-03        0.                 2.08796           -2.95744          130.45E-03   
              105.E-03            -6.20025E-03        0.                 2.16227           -2.89285          139.532E-03  
              110.E-03            -6.07192E-03        0.                 2.08621           -2.80983          141.346E-03  
              115.E-03            -6.16843E-03        0.                 1.85685           -2.7387           141.036E-03  
              120.E-03            -5.3686E-03         0.                 1.67718           -2.49367          142.183E-03  
              125.E-03            -4.67706E-03        0.                 1.68127           -2.32087          143.416E-03  
              130.E-03            -4.40252E-03        0.                 1.64301           -2.23696          144.151E-03  
              135.E-03            -3.78998E-03        0.                 1.49738           -2.04693          144.307E-03  
              140.E-03            -3.13469E-03        0.                 1.39026           -1.83571          144.258E-03  
              145.E-03            -2.72794E-03        0.                 1.31367           -1.68987          144.251E-03  
              150.E-03            -2.33772E-03        0.                 1.24382           -1.56768          144.092E-03  
              155.E-03            -1.78111E-03        0.                 1.19609           -1.40477          143.675E-03  
              160.E-03            -1.14729E-03        0.                 1.14702           -1.20185          142.512E-03  
              165.E-03          -506.611E-06          0.                 1.09389         -984.151E-03        140.413E-03  
              170.E-03           116.741E-06          0.                 1.0624          -776.967E-03        138.125E-03  
              175.E-03           780.941E-06          0.                 1.0686          -566.539E-03        135.827E-03  
              180.E-03             1.42656E-03        0.                 1.08711         -357.255E-03        133.245E-03  
              185.E-03             2.04806E-03        0.                 1.10734         -149.109E-03        130.402E-03  
              190.E-03             2.62263E-03        0.                 1.12826           51.9835E-03       127.054E-03  
              195.E-03             3.0922E-03         0.                 1.13104          235.704E-03        122.923E-03  
              200.E-03             3.55213E-03        0.                 1.1382           421.319E-03        118.321E-03  
              205.E-03             4.04369E-03        0.                 1.16614          612.673E-03        113.585E-03  
              210.E-03             4.51689E-03        0.                 1.20086          797.601E-03        108.693E-03  
              215.E-03             4.94884E-03        0.                 1.23685          972.332E-03        103.574E-03  
              220.E-03             5.32407E-03        0.                 1.26493            1.13585           97.7306E-03 
              225.E-03             5.58796E-03        0.                 1.26905            1.28112           90.6676E-03 
              230.E-03             5.82862E-03        0.                 1.2782             1.42834           82.78E-03   
              235.E-03             6.12125E-03        0.                 1.30972            1.5871            74.6307E-03 
              240.E-03             6.37303E-03        0.                 1.33425            1.73481           66.3548E-03 
              245.E-03             6.50953E-03        0.                 1.34273            1.86037           57.7339E-03 
              250.E-03             6.57534E-03        0.                 1.35513            1.97884           48.4436E-03 
              255.E-03             6.67903E-03        0.                 1.38985            2.11124           38.5011E-03 
              260.E-03             6.80447E-03        0.                 1.43422            2.24625           28.1053E-03 
              265.E-03             6.92838E-03        0.                 1.48227            2.37631           17.3004E-03 
              270.E-03             6.99681E-03        0.                 1.53636            2.48842            5.90001E-03
              275.E-03             6.8959E-03         0.                 1.59541            2.55552           -6.57708E-03
              280.E-03             6.67184E-03        0.                 1.67249            2.59617          -20.4925E-03 
              285.E-03             6.43541E-03        0.                 1.76968            2.63885          -35.5941E-03 
              290.E-03             6.21241E-03        0.                 1.87046            2.68275          -51.3895E-03 
              295.E-03             5.99481E-03        0.                 1.97187            2.72505          -67.6369E-03 
              300.E-03             5.77771E-03        0.                 2.08198            2.76515          -84.3556E-03 
              305.E-03             5.31479E-03        0.                 2.15352            2.69678          -97.5262E-03 
              310.E-03             5.20438E-03        0.                 2.07979            2.6196          -103.853E-03  
              315.E-03             5.32024E-03        0.                 1.85               2.55575         -108.478E-03  
              320.E-03             4.58778E-03        0.                 1.68271            2.3256          -114.759E-03  
              325.E-03             3.9807E-03         0.                 1.69191            2.16797         -121.332E-03  
              330.E-03             3.806E-03          0.                 1.65277            2.10421         -127.671E-03  
              335.E-03             3.3373E-03         0.                 1.51617            1.94538         -133.609E-03  
              340.E-03             2.86186E-03        0.                 1.41163            1.77303         -139.45E-03   
              345.E-03             2.64603E-03        0.                 1.329              1.66696         -145.367E-03  
              350.E-03             2.45536E-03        0.                 1.25117            1.58542         -151.097E-03  
              355.E-03             2.10299E-03        0.                 1.19089            1.46493         -156.472E-03  
              360.E-03             1.656E-03          0.                 1.12474            1.3013          -160.917E-03  
              365.E-03             1.16912E-03        0.                 1.0506             1.11575         -164.178E-03  
              370.E-03           660.585E-06          0.               995.091E-03        932.351E-03       -166.965E-03  
              375.E-03            68.3433E-06         0.               977.569E-03        736.789E-03       -169.4E-03    
              380.E-03          -543.095E-06          0.               977.145E-03        534.885E-03       -171.19E-03   
              385.E-03            -1.16146E-03        0.               983.53E-03         327.854E-03       -172.35E-03   
              390.E-03            -1.75954E-03        0.               997.819E-03        122.459E-03       -172.666E-03  
              395.E-03            -2.25933E-03        0.               998.042E-03        -66.8472E-03      -171.861E-03  
              400.E-03            -2.73636E-03        0.                 1.00052         -255.694E-03       -170.19E-03   
              405.E-03            -3.24011E-03        0.                 1.02459         -449.813E-03       -168.011E-03  
              410.E-03            -3.72847E-03        0.                 1.05842         -638.333E-03       -165.349E-03  
              415.E-03            -4.17669E-03        0.                 1.0952          -816.639E-03       -162.136E-03  
              420.E-03            -4.57026E-03        0.                 1.1256          -983.797E-03       -157.884E-03  
              425.E-03            -4.86379E-03        0.                 1.13521           -1.13488         -152.107E-03  
              430.E-03            -5.15149E-03        0.                 1.1544            -1.29169         -145.213E-03  
              435.E-03            -5.50405E-03        0.                 1.19865           -1.46277         -137.784E-03  
              440.E-03            -5.83094E-03        0.                 1.23807           -1.6258          -129.983E-03  
              445.E-03            -6.07062E-03        0.                 1.26668           -1.77166         -121.646E-03  
              450.E-03            -6.23155E-03        0.                 1.29679           -1.90835         -112.494E-03  
              455.E-03            -6.39199E-03        0.                 1.34147           -2.05221         -102.515E-03  
              460.E-03            -6.56602E-03        0.                 1.39542           -2.19824          -91.9055E-03 
              465.E-03            -6.72457E-03        0.                 1.45054           -2.33651          -80.7723E-03 
              470.E-03            -6.81555E-03        0.                 1.50791           -2.45476          -68.988E-03  
              475.E-03            -6.71531E-03        0.                 1.56809           -2.52267          -56.1034E-03 
              480.E-03            -6.44961E-03        0.                 1.64502           -2.55383          -41.6961E-03 
              485.E-03            -6.15046E-03        0.                 1.74442           -2.58354          -25.9377E-03 
              490.E-03            -5.85287E-03        0.                 1.84959           -2.61226           -9.3129E-03 
              495.E-03            -5.55899E-03        0.                 1.95577           -2.63869            7.93593E-03
              500.E-03            -5.27041E-03        0.                 2.07121           -2.66353           25.8436E-03 
              505.E-03            -4.73533E-03        0.                 2.14588           -2.5749            40.4065E-03 
              510.E-03            -4.56559E-03        0.                 2.06356           -2.47868           48.3643E-03 
              515.E-03            -4.632E-03          0.                 1.82345           -2.40332           54.9055E-03 
              520.E-03            -3.85901E-03        0.                 1.6671            -2.16557           63.4037E-03 
              525.E-03            -3.24517E-03        0.                 1.68881           -2.00752           72.4682E-03 
              530.E-03            -3.0719E-03         0.                 1.65008           -1.94403           81.5565E-03 
              535.E-03            -2.60344E-03        0.                 1.51794           -1.78409           90.5287E-03 
              540.E-03            -2.14937E-03        0.                 1.41958           -1.61615           99.6888E-03 
              545.E-03            -1.96771E-03        0.                 1.33795           -1.51782          109.187E-03  
              550.E-03            -1.81405E-03        0.                 1.26109           -1.44438          118.75E-03   
              555.E-03            -1.50763E-03        0.                 1.20365           -1.33325          128.189E-03  
              560.E-03            -1.12218E-03        0.                 1.13928           -1.18222          136.903E-03  
              565.E-03          -710.262E-06          0.                 1.06566           -1.01235          144.621E-03  
              570.E-03          -288.365E-06          0.                 1.00909         -847.325E-03        152.03E-03   
              575.E-03           206.391E-06          0.               987.804E-03       -672.316E-03        159.211E-03  
              580.E-03           707.209E-06          0.               978.72E-03        -493.589E-03        165.826E-03  
              585.E-03             1.20415E-03        0.               971.901E-03       -312.01E-03         171.851E-03  
              590.E-03             1.6754E-03         0.               969.648E-03       -133.391E-03        177.031E-03  
              595.E-03             2.0456E-03         0.               950.758E-03         28.3443E-03       181.043E-03  
              600.E-03             2.39398E-03        0.               932.448E-03        189.878E-03        184.078E-03  
              605.E-03             2.77795E-03        0.               936.452E-03        358.675E-03        186.448E-03  
              610.E-03             3.16198E-03        0.               952.857E-03        525.145E-03        188.143E-03  
              615.E-03             3.52389E-03        0.               975.959E-03        685.093E-03        189.058E-03  
              620.E-03             3.85168E-03        0.               996.977E-03        838.182E-03        188.677E-03  
              625.E-03             4.10087E-03        0.                 1.00212          979.723E-03        186.491E-03  
              630.E-03             4.36242E-03        0.                 1.02219            1.13081          182.888E-03  
              635.E-03             4.70453E-03        0.                 1.07051            1.29955          178.442E-03  
              640.E-03             5.03501E-03        0.                 1.1156             1.46321          173.318E-03  
              645.E-03             5.31914E-03        0.                 1.15785            1.61694          167.384E-03  
              650.E-03             5.53196E-03        0.                 1.20304            1.7619           160.395E-03  
              655.E-03             5.70646E-03        0.                 1.25638            1.90757          152.279E-03  
              660.E-03             5.90449E-03        0.                 1.32221            2.05934          143.194E-03  
              665.E-03             6.10049E-03        0.                 1.39001            2.20654          133.312E-03  
              670.E-03             6.24294E-03        0.                 1.45802            2.3369           122.572E-03  
              675.E-03             6.20037E-03        0.                 1.52921            2.41715          110.565E-03  
              680.E-03             5.97652E-03        0.                 1.61689            2.45603           96.8253E-03 
              685.E-03             5.71698E-03        0.                 1.72751            2.49416           81.4778E-03 
              690.E-03             5.45448E-03        0.                 1.84268            2.53069           65.0477E-03 
              695.E-03             5.19446E-03        0.                 1.95551            2.5644            47.8283E-03 
              700.E-03             4.93632E-03        0.                 2.07504            2.59551           29.8176E-03 
              705.E-03             4.42404E-03        0.                 2.15314            2.51137           15.0321E-03 
              710.E-03             4.26814E-03        0.                 2.07061            2.41817            6.73594E-03
              715.E-03             4.33629E-03        0.                 1.82887            2.3433          -256.74E-06   
              720.E-03             3.55213E-03        0.                 1.67728            2.10327           -9.32331E-03
              725.E-03             2.91477E-03        0.                 1.70375            1.9402           -19.0771E-03 
              730.E-03             2.70948E-03        0.                 1.66709            1.86997          -28.9848E-03 
              735.E-03             2.20233E-03        0.                 1.54097            1.70201          -38.9198E-03 
              740.E-03             1.70566E-03        0.                 1.44963            1.52524          -49.1985E-03 
              745.E-03             1.48108E-03        0.                 1.3723             1.41794          -59.9859E-03 
              750.E-03             1.28731E-03        0.                 1.30026            1.33609          -71.0229E-03 
              755.E-03           946.294E-06          0.                 1.2502             1.21772          -82.1362E-03 
              760.E-03           533.415E-06          0.                 1.19414            1.06096          -92.7348E-03 
              765.E-03           102.909E-06          0.                 1.12911          887.174E-03       -102.554E-03  
              770.E-03          -327.65E-06           0.                 1.08096          720.326E-03       -112.291E-03  
              775.E-03          -820.982E-06          0.                 1.06757          545.605E-03       -122.026E-03  
              780.E-03            -1.30989E-03        0.                 1.06413          369.384E-03       -131.414E-03  
              785.E-03            -1.78464E-03        0.                 1.06054          192.474E-03       -140.429E-03  
              790.E-03            -2.2226E-03         0.                 1.058             20.774E-03       -148.8E-03    
              795.E-03            -2.54978E-03        0.                 1.03544         -132.069E-03       -156.19E-03   
              800.E-03            -2.84782E-03        0.                 1.01127         -283.07E-03        -162.784E-03  
              805.E-03            -2.97124E-03        0.               991.486E-03       -363.446E-03       -170.691E-03  
              810.E-03            -3.01864E-03        0.               999.958E-03       -371.372E-03       -181.052E-03  
              815.E-03            -3.05781E-03        0.                 1.0183          -359.473E-03       -191.289E-03  
              820.E-03            -2.82318E-03        0.               973.997E-03       -304.528E-03       -200.272E-03  
              825.E-03            -2.64736E-03        0.               938.544E-03       -280.636E-03       -208.736E-03  
              830.E-03            -2.5832E-03         0.               930.505E-03       -276.816E-03       -216.65E-03   
              835.E-03            -2.40092E-03        0.               900.011E-03       -233.223E-03       -223.983E-03  
              840.E-03            -2.26262E-03        0.               877.283E-03       -196.771E-03       -230.579E-03  
              845.E-03            -2.22436E-03        0.               873.488E-03       -188.182E-03       -236.331E-03  
              850.E-03            -2.17604E-03        0.               867.369E-03       -183.136E-03       -241.291E-03  
              855.E-03            -2.07551E-03        0.               849.836E-03       -163.761E-03       -245.455E-03  
              860.E-03            -1.99299E-03        0.               835.466E-03       -144.063E-03       -248.812E-03  
              865.E-03            -1.94425E-03        0.               829.876E-03       -131.974E-03       -251.317E-03  
              870.E-03            -1.90499E-03        0.               824.952E-03       -124.509E-03       -252.914E-03  
              875.E-03            -1.86841E-03        0.               818.661E-03       -118.371E-03       -253.621E-03  
              880.E-03            -1.83945E-03        0.               814.026E-03       -112.236E-03       -253.458E-03  
              885.E-03            -1.81774E-03        0.               811.168E-03       -106.616E-03       -252.403E-03  
              890.E-03            -1.80287E-03        0.               809.224E-03       -103.15E-03        -250.436E-03  
              895.E-03            -1.79705E-03        0.               808.227E-03       -102.521E-03       -247.562E-03  
              900.E-03            -1.79834E-03        0.               808.299E-03       -103.245E-03       -243.795E-03  
              905.E-03            -1.80478E-03        0.               809.292E-03       -104.369E-03       -239.141E-03  
              910.E-03            -1.8202E-03         0.               811.55E-03        -107.269E-03       -233.603E-03  
              915.E-03            -1.85097E-03        0.               815.971E-03       -113.854E-03       -227.193E-03  
              920.E-03            -1.9012E-03         0.               823.245E-03       -124.797E-03       -219.93E-03   
              925.E-03            -1.97512E-03        0.               834.17E-03        -140.521E-03       -211.843E-03  
              930.E-03            -2.07887E-03        0.               849.877E-03       -162.246E-03       -202.969E-03  
              935.E-03            -2.21723E-03        0.               871.269E-03       -191.227E-03       -193.355E-03  
              940.E-03            -2.39081E-03        0.               898.722E-03       -227.71E-03        -183.059E-03  
              945.E-03            -2.59577E-03        0.               932.012E-03       -270.741E-03       -172.155E-03  
              950.E-03            -2.82368E-03        0.               970.061E-03       -318.393E-03       -160.727E-03  
              955.E-03            -3.06166E-03        0.                 1.01078         -368.001E-03       -148.864E-03  
              960.E-03            -3.29396E-03        0.                 1.05132         -416.43E-03        -136.655E-03  
              965.E-03            -3.5049E-03         0.                 1.0887          -460.492E-03       -124.188E-03  
              970.E-03            -3.68257E-03        0.                 1.12053         -497.688E-03       -111.541E-03  
              975.E-03            -3.82243E-03        0.                 1.1457          -527.08E-03         -98.7783E-03 
              980.E-03            -3.92944E-03        0.                 1.16492         -549.746E-03        -85.9525E-03 
              985.E-03            -4.01696E-03        0.                 1.18055         -568.484E-03        -73.1048E-03 
              990.E-03            -4.10278E-03        0.                 1.19591         -586.909E-03        -60.2714E-03 
              995.E-03            -4.20343E-03        0.                 1.21417         -608.323E-03        -47.4895E-03 
                1.                -4.32874E-03        0.                 1.23728         -634.688E-03        -34.8012E-03 
                1.005             -4.47878E-03        0.                 1.26532         -666.022E-03        -22.2561E-03 
                1.01              -4.64438E-03        0.                 1.29658         -700.489E-03         -9.91053E-03
                1.015             -4.81097E-03        0.                 1.32821         -735.153E-03          2.17574E-03
                1.02              -4.96309E-03        0.                 1.35711         -766.882E-03         13.9466E-03 
                1.025             -5.09048E-03        0.                 1.38121         -793.595E-03         25.3494E-03 
                1.03              -5.19063E-03        0.                 1.40013         -814.729E-03         36.3346E-03 
                1.035             -5.26484E-03        0.                 1.41415         -830.46E-03          46.866E-03  
                1.04              -5.31725E-03        0.                 1.42402         -841.595E-03         56.9204E-03 
                1.045             -5.35485E-03        0.                 1.43107         -849.622E-03         66.4805E-03 
                1.05              -5.38538E-03        0.                 1.43679         -856.18E-03          75.5344E-03 
                1.055             -5.41575E-03        0.                 1.44248         -862.708E-03         84.0722E-03 
                1.06              -5.45218E-03        0.                 1.44936         -870.476E-03         92.0839E-03 
                1.065             -5.49957E-03        0.                 1.45838         -880.496E-03         99.557E-03  
                1.07              -5.55994E-03        0.                 1.46996         -893.191E-03        106.475E-03  
                1.075             -5.63221E-03        0.                 1.48389         -908.335E-03        112.816E-03  
                1.08              -5.71284E-03        0.                 1.49949         -925.201E-03        118.556E-03  
                1.085             -5.79682E-03        0.                 1.51576         -942.761E-03        123.666E-03  
                1.09              -5.87879E-03        0.                 1.53167         -959.913E-03        128.119E-03  
                1.095             -5.9541E-03         0.                 1.54629         -975.697E-03        131.888E-03  
                1.1               -6.01958E-03        0.                 1.559           -989.441E-03        134.948E-03  
                1.105             -6.07373E-03        0.                 1.5695            -1.00084          137.279E-03  
                1.11              -6.11673E-03        0.                 1.57783           -1.00991          138.864E-03  
                1.115             -6.14988E-03        0.                 1.58423           -1.01693          139.693E-03  
                1.12              -6.1749E-03         0.                 1.58906           -1.02223          139.756E-03  
                1.125             -6.19305E-03        0.                 1.59258           -1.02606          139.049E-03  
                1.13              -6.20458E-03        0.                 1.59483           -1.02847          137.57E-03   
                1.135             -6.20878E-03        0.                 1.59568           -1.02932          135.318E-03  
                1.14              -6.20413E-03        0.                 1.5948            -1.02831          132.298E-03  
                1.145             -6.1889E-03         0.                 1.59185           -1.02508          128.518E-03  
                1.15              -6.1617E-03         0.                 1.58654           -1.01935          123.988E-03  
                1.155             -6.12129E-03        0.                 1.57866           -1.01085          118.725E-03  
                1.16              -6.06637E-03        0.                 1.56796         -999.288E-03        112.748E-03  
                1.165             -5.99567E-03        0.                 1.55419         -984.414E-03        106.086E-03  
                1.17              -5.90817E-03        0.                 1.53718         -966.021E-03         98.77E-03   
                1.175             -5.80337E-03        0.                 1.51681         -944.01E-03          90.839E-03  
                1.18              -5.68168E-03        0.                 1.49321         -918.477E-03         82.338E-03  
                1.185             -5.54476E-03        0.                 1.46671         -889.769E-03         73.3179E-03 
                1.19              -5.39549E-03        0.                 1.43791         -858.487E-03         63.8347E-03 
                1.195             -5.23777E-03        0.                 1.40759         -825.447E-03         53.9484E-03 
                1.2               -5.07619E-03        0.                 1.37666         -791.605E-03         43.7213E-03 
                1.205             -4.91551E-03        0.                 1.34605         -757.946E-03         33.2164E-03 
                1.21              -4.76004E-03        0.                 1.31659         -725.366E-03         22.4959E-03 
                1.215             -4.61308E-03        0.                 1.28891         -694.546E-03         11.6193E-03 
                1.22              -4.47645E-03        0.                 1.26333         -665.866E-03        642.609E-06  
                1.225             -4.35036E-03        0.                 1.23987         -639.367E-03        -10.3821E-03 
                1.23              -4.23348E-03        0.                 1.21826         -614.779E-03        -21.4069E-03 
                1.235             -4.12343E-03        0.                 1.19803         -591.611E-03        -32.3872E-03 
                1.24              -4.01737E-03        0.                 1.17863         -569.284E-03        -43.281E-03  
                1.245             -3.9128E-03         0.                 1.15958         -547.287E-03        -54.0478E-03 
                1.25              -3.80818E-03        0.                 1.14061         -525.305E-03        -64.6481E-03 
                1.255             -3.70333E-03        0.                 1.12168         -503.306E-03        -75.0427E-03 
                1.26              -3.5995E-03         0.                 1.10303         -481.544E-03        -85.1927E-03 
                1.265             -3.49898E-03        0.                 1.08507         -460.492E-03        -95.0605E-03 
                1.27              -3.40456E-03        0.                 1.0683          -440.718E-03       -104.61E-03   
                1.275             -3.31872E-03        0.                 1.05316         -422.729E-03       -113.808E-03  
                1.28              -3.24302E-03        0.                 1.03991         -406.845E-03       -122.624E-03  
                1.285             -3.17769E-03        0.                 1.02856         -393.111E-03       -131.033E-03  
                1.29              -3.12155E-03        0.                 1.01887         -381.282E-03       -139.013E-03  
                1.295             -3.07228E-03        0.                 1.01043         -370.879E-03       -146.544E-03  
                1.3               -3.02691E-03        0.                 1.00269         -361.291E-03       -153.61E-03   
                1.305             -2.98245E-03        0.               995.124E-03       -351.903E-03       -160.196E-03  
                1.31              -2.93644E-03        0.               987.312E-03       -342.207E-03       -166.287E-03  
                1.315             -2.88735E-03        0.               978.993E-03       -331.887E-03       -171.868E-03  
                1.32              -2.83478E-03        0.               970.105E-03       -320.856E-03       -176.922E-03  
                1.325             -2.77935E-03        0.               960.769E-03       -309.242E-03       -181.432E-03  
                1.33              -2.72252E-03        0.               951.24E-03        -297.343E-03       -185.38E-03   
                1.335             -2.66623E-03        0.               941.854E-03       -285.563E-03       -188.748E-03  
                1.34              -2.6126E-03         0.               932.963E-03       -274.338E-03       -191.517E-03  
                1.345             -2.56358E-03        0.               924.887E-03       -264.077E-03       -193.672E-03  
                1.35              -2.52082E-03        0.               917.881E-03       -255.119E-03       -195.198E-03  
                1.355             -2.48548E-03        0.               912.122E-03       -247.712E-03       -196.082E-03  
                1.36              -2.4583E-03         0.               907.713E-03       -242.011E-03       -196.315E-03  
                1.365             -2.43964E-03        0.               904.697E-03       -238.094E-03       -195.892E-03  
                1.37              -2.42964E-03        0.               903.085E-03       -235.995E-03       -194.809E-03  
                1.375             -2.42839E-03        0.               902.882E-03       -235.734E-03       -193.067E-03  
                1.38              -2.43602E-03        0.               904.108E-03       -237.342E-03       -190.67E-03   
                1.385             -2.45285E-03        0.               906.817E-03       -240.884E-03       -187.626E-03  
                1.39              -2.47934E-03        0.               911.095E-03       -246.46E-03        -183.945E-03  
                1.395             -2.51611E-03        0.               917.057E-03       -254.194E-03       -179.642E-03  
                1.4               -2.56377E-03        0.               924.83E-03        -264.215E-03       -174.736E-03  
                1.405             -2.62284E-03        0.               934.527E-03       -276.627E-03       -169.249E-03  
                1.41              -2.69357E-03        0.               946.23E-03        -291.484E-03       -163.208E-03  
                1.415             -2.77589E-03        0.               959.966E-03       -308.765E-03       -156.645E-03  
                1.42              -2.86926E-03        0.               975.69E-03        -328.358E-03       -149.594E-03  
                1.425             -2.97269E-03        0.               993.277E-03       -350.056E-03       -142.095E-03  
                1.43              -3.08475E-03        0.                 1.01252         -373.558E-03       -134.19E-03   
                1.435             -3.20362E-03        0.                 1.03313         -398.486E-03       -125.925E-03  
                1.44              -3.32721E-03        0.                 1.05476         -424.399E-03       -117.348E-03  
                1.445             -3.45327E-03        0.                 1.07702         -450.833E-03       -108.508E-03  
                1.45              -3.5796E-03         0.                 1.09951         -477.324E-03        -99.4537E-03 
                1.455             -3.70418E-03        0.                 1.12186         -503.452E-03        -90.2348E-03 
                1.46              -3.82533E-03        0.                 1.14375         -528.871E-03        -80.8994E-03 
                1.465             -3.94187E-03        0.                 1.16493         -553.33E-03         -71.4939E-03 
                1.47              -4.05311E-03        0.                 1.18526         -576.686E-03        -62.0628E-03 
                1.475             -4.15888E-03        0.                 1.20469         -598.901E-03        -52.6485E-03 
                1.48              -4.2594E-03         0.                 1.22323         -620.02E-03         -43.291E-03  
                1.485             -4.35517E-03        0.                 1.24097         -640.142E-03        -34.0281E-03 
                1.49              -4.44675E-03        0.                 1.258           -659.384E-03        -24.8958E-03 
                1.495             -4.53463E-03        0.                 1.27441         -677.845E-03        -15.9281E-03 
                1.5               -4.61908E-03        0.                 1.29023         -695.581E-03         -7.15768E-03
                1.505             -4.7001E-03         0.                 1.30546         -712.591E-03          1.38464E-03
                1.51              -4.77745E-03        0.                 1.32005         -728.826E-03          9.66939E-03
                1.515             -4.85072E-03        0.                 1.3339          -744.203E-03         17.6688E-03 
                1.52              -4.91948E-03        0.                 1.34693         -758.633E-03         25.3567E-03 
                1.525             -4.9834E-03         0.                 1.35906         -772.053E-03         32.7091E-03 
                1.53              -5.04243E-03        0.                 1.37028         -784.451E-03         39.7038E-03 
                1.535             -5.09682E-03        0.                 1.38064         -795.883E-03         46.3205E-03 
                1.54              -5.14717E-03        0.                 1.39023         -806.471E-03         52.5407E-03 
                1.545             -5.19429E-03        0.                 1.39922         -816.384E-03         58.3474E-03 
                1.55              -5.23915E-03        0.                 1.40778         -825.821E-03         63.725E-03  
                1.555             -5.28263E-03        0.                 1.4161          -834.968E-03         68.6587E-03 
                1.56              -5.32545E-03        0.                 1.4243          -843.969E-03         73.1343E-03 
                1.565             -5.36798E-03        0.                 1.43246         -852.902E-03         77.1377E-03 
                1.57              -5.4102E-03         0.                 1.44058         -861.762E-03         80.6555E-03 
                1.575             -5.45169E-03        0.                 1.44858         -870.461E-03         83.6742E-03 
                1.58              -5.4917E-03         0.                 1.4563          -878.845E-03         86.181E-03  
                1.585             -5.52924E-03        0.                 1.46355         -886.707E-03         88.1637E-03 
                1.59              -5.5632E-03         0.                 1.47012         -893.82E-03          89.6113E-03 
                1.595             -5.5925E-03         0.                 1.47579         -899.954E-03         90.5143E-03 
                1.6               -5.61614E-03        0.                 1.48037         -904.901E-03         90.8652E-03 
                1.605             -5.63327E-03        0.                 1.4837          -908.486E-03         90.6586E-03 
                1.61              -5.64323E-03        0.                 1.48563         -910.568E-03         89.8917E-03 
                1.615             -5.64553E-03        0.                 1.48608         -911.044E-03         88.5646E-03 
                1.62              -5.6398E-03         0.                 1.48498         -909.835E-03         86.6802E-03 
                1.625             -5.62578E-03        0.                 1.48227         -906.887E-03         84.2446E-03 
                1.63              -5.60327E-03        0.                 1.47792         -902.157E-03         81.2668E-03 
                1.635             -5.57212E-03        0.                 1.47191         -895.612E-03         77.7594E-03 
                1.64              -5.53223E-03        0.                 1.46421         -887.233E-03         73.7379E-03 
                1.645             -5.48357E-03        0.                 1.45483         -877.014E-03         69.2213E-03 
                1.65              -5.42621E-03        0.                 1.44379         -864.971E-03         64.2317E-03 
                1.655             -5.36038E-03        0.                 1.43113         -851.151E-03         58.7942E-03 
                1.66              -5.28648E-03        0.                 1.41695         -835.641E-03         52.9374E-03 
                1.665             -5.20512E-03        0.                 1.40136         -818.568E-03         46.6925E-03 
                1.67              -5.11714E-03        0.                 1.38455         -800.109E-03         40.0931E-03 
                1.675             -5.02357E-03        0.                 1.36671         -780.481E-03         33.1753E-03 
                1.68              -4.92563E-03        0.                 1.34808         -759.935E-03         25.9769E-03 
                1.685             -4.82462E-03        0.                 1.32894         -738.748E-03         18.5372E-03 
                1.69              -4.72192E-03        0.                 1.30954         -717.203E-03         10.896E-03  
                1.695             -4.61884E-03        0.                 1.29014         -695.579E-03          3.09383E-03
                1.7               -4.51661E-03        0.                 1.27098         -674.131E-03         -4.82929E-03
                1.705             -4.41629E-03        0.                 1.25225         -653.081E-03        -12.8338E-03 
                1.71              -4.31874E-03        0.                 1.23411         -632.606E-03        -20.8811E-03 
                1.715             -4.22456E-03        0.                 1.21667         -612.837E-03        -28.934E-03  
                1.72              -4.13416E-03        0.                 1.20001         -593.855E-03        -36.9568E-03 
                1.725             -4.04771E-03        0.                 1.18414         -575.702E-03        -44.9153E-03 
                1.73              -3.96525E-03        0.                 1.16907         -558.385E-03        -52.777E-03  
                1.735             -3.8867E-03         0.                 1.15477         -541.888E-03        -60.5114E-03 
                1.74              -3.81194E-03        0.                 1.14121         -526.185E-03        -68.0892E-03 
                1.745             -3.74082E-03        0.                 1.12837         -511.247E-03        -75.4829E-03 
                1.75              -3.67322E-03        0.                 1.11621         -497.05E-03         -82.6668E-03 
                1.755             -3.60906E-03        0.                 1.10472         -483.577E-03        -89.6162E-03 
                1.76              -3.5483E-03         0.                 1.09387         -470.817E-03        -96.3082E-03 
                1.765             -3.49089E-03        0.                 1.08366         -458.76E-03        -102.721E-03  
                1.77              -3.43677E-03        0.                 1.07407         -447.394E-03       -108.835E-03  
                1.775             -3.38584E-03        0.                 1.06508         -436.697E-03       -114.631E-03  
                1.78              -3.33793E-03        0.                 1.05666         -426.632E-03       -120.091E-03  
                1.785             -3.29281E-03        0.                 1.04875         -417.152E-03       -125.2E-03    
                1.79              -3.25019E-03        0.                 1.0413          -408.197E-03       -129.942E-03  
                1.795             -3.20977E-03        0.                 1.03426         -399.704E-03       -134.303E-03  
                1.8               -3.17128E-03        0.                 1.02758         -391.616E-03       -138.269E-03  
                1.805             -3.13451E-03        0.                 1.02121         -383.892E-03       -141.829E-03  
                1.81              -3.09938E-03        0.                 1.01514         -376.515E-03       -144.97E-03   
                1.815             -3.06596E-03        0.                 1.00938         -369.501E-03       -147.682E-03  
                1.82              -3.03449E-03        0.                 1.00397         -362.899E-03       -149.954E-03  
                1.825             -3.00536E-03        0.               998.973E-03       -356.791E-03       -151.777E-03  
                1.83              -2.9791E-03         0.               994.474E-03       -351.288E-03       -153.143E-03  
                1.835             -2.95633E-03        0.               990.579E-03       -346.518E-03       -154.044E-03  
                1.84              -2.93772E-03        0.               987.399E-03       -342.621E-03       -154.475E-03  
                1.845             -2.92393E-03        0.               985.044E-03       -339.737E-03       -154.432E-03  
                1.85              -2.91558E-03        0.               983.618E-03       -337.996E-03       -153.913E-03  
                1.855             -2.91323E-03        0.               983.212E-03       -337.511E-03       -152.917E-03  
                1.86              -2.91733E-03        0.               983.901E-03       -338.378E-03       -151.448E-03  
                1.865             -2.92821E-03        0.               985.745E-03       -340.669E-03       -149.509E-03  
                1.87              -2.94612E-03        0.               988.788E-03       -344.433E-03       -147.109E-03  
                1.875             -2.97119E-03        0.               993.058E-03       -349.698E-03       -144.257E-03  
                1.88              -3.00345E-03        0.               998.57E-03        -356.473E-03       -140.966E-03  
                1.885             -3.04284E-03        0.                 1.00532         -364.743E-03       -137.252E-03  
                1.89              -3.0892E-03         0.                 1.0133          -374.476E-03       -133.132E-03  
                1.895             -3.14227E-03        0.                 1.02247         -385.617E-03       -128.627E-03  
                1.9               -3.2017E-03         0.                 1.03279         -398.089E-03       -123.76E-03   
                1.905             -3.267E-03          0.                 1.04418         -411.792E-03       -118.557E-03  
                1.91              -3.33758E-03        0.                 1.05655         -426.603E-03       -113.044E-03  
                1.915             -3.41275E-03        0.                 1.0698          -442.376E-03       -107.25E-03   
                1.92              -3.49173E-03        0.                 1.0838          -458.947E-03       -101.207E-03  
                1.925             -3.57365E-03        0.                 1.0984          -476.136E-03        -94.9452E-03 
                1.93              -3.65762E-03        0.                 1.11343         -493.753E-03        -88.4984E-03 
                1.935             -3.74272E-03        0.                 1.12875         -511.607E-03        -81.8993E-03 
                1.94              -3.82806E-03        0.                 1.14418         -529.514E-03        -75.1813E-03 
                1.945             -3.91281E-03        0.                 1.15958         -547.299E-03        -68.3777E-03 
                1.95              -3.99625E-03        0.                 1.1748          -564.81E-03         -61.521E-03  
                1.955             -4.07775E-03        0.                 1.18973         -581.916E-03        -54.6435E-03 
                1.96              -4.15682E-03        0.                 1.20427         -598.512E-03        -47.7761E-03 
                1.965             -4.23308E-03        0.                 1.21834         -614.521E-03        -40.9488E-03 
                1.97              -4.30628E-03        0.                 1.23189         -629.892E-03        -34.1903E-03 
                1.975             -4.3763E-03         0.                 1.24488         -644.594E-03        -27.528E-03  
                1.98              -4.44308E-03        0.                 1.25731         -658.618E-03        -20.9879E-03 
                1.985             -4.50663E-03        0.                 1.26917         -671.965E-03        -14.5946E-03 
                1.99              -4.56702E-03        0.                 1.28047         -684.648E-03         -8.37144E-03
                1.995             -4.62434E-03        0.                 1.29122         -696.686E-03         -2.34031E-03
                2.                -4.67868E-03        0.                 1.30142         -708.099E-03          3.47812E-03
                2.005             -4.73016E-03        0.                 1.31111         -718.911E-03          9.06443E-03
                2.01              -4.77888E-03        0.                 1.3203          -729.145E-03         14.4004E-03 
                2.015             -4.82496E-03        0.                 1.329           -738.824E-03         19.469E-03  
                2.02              -4.86852E-03        0.                 1.33724         -747.972E-03         24.2542E-03 
                2.025             -4.90967E-03        0.                 1.34503         -756.616E-03         28.7412E-03 
                2.03              -4.94853E-03        0.                 1.3524          -764.778E-03         32.9159E-03 
                2.035             -4.98521E-03        0.                 1.35936         -772.482E-03         36.7654E-03 
                2.04              -5.0198E-03         0.                 1.36594         -779.747E-03         40.2777E-03 
                2.045             -5.05235E-03        0.                 1.37213         -786.584E-03         43.4414E-03 
                2.05              -5.08288E-03        0.                 1.37795         -792.994E-03         46.2463E-03 
                2.055             -5.11133E-03        0.                 1.38337         -798.966E-03         48.6829E-03 
                2.06              -5.13757E-03        0.                 1.38838         -804.473E-03         50.7424E-03 
                2.065             -5.16139E-03        0.                 1.39293         -809.471E-03         52.4171E-03 
                2.07              -5.18252E-03        0.                 1.39697         -813.902E-03         53.7004E-03 
                2.075             -5.20061E-03        0.                 1.40044         -817.693E-03         54.5866E-03 
                2.08              -5.21526E-03        0.                 1.40325         -820.762E-03         55.0713E-03 
                2.085             -5.22604E-03        0.                 1.40532         -823.019E-03         55.1516E-03 
                2.09              -5.23254E-03        0.                 1.40657         -824.375E-03         54.826E-03  
                2.095             -5.23434E-03        0.                 1.40692         -824.745E-03         54.0947E-03 
                2.1               -5.23107E-03        0.                 1.4063          -824.052E-03         52.9597E-03 
                2.105             -5.22242E-03        0.                 1.40465         -822.232E-03         51.425E-03  
                2.11              -5.20816E-03        0.                 1.40192         -819.234E-03         49.4968E-03 
                2.115             -5.18815E-03        0.                 1.3981          -815.029E-03         47.183E-03  
                2.12              -5.16231E-03        0.                 1.39316         -809.602E-03         44.4942E-03 
                2.125             -5.13067E-03        0.                 1.38712         -802.959E-03         41.4427E-03 
                2.13              -5.09335E-03        0.                 1.38            -795.124E-03         38.0431E-03 
                2.135             -5.05055E-03        0.                 1.37184         -786.142E-03         34.3121E-03 
                2.14              -5.00257E-03        0.                 1.36271         -776.071E-03         30.2683E-03 
                2.145             -4.94978E-03        0.                 1.35268         -764.991E-03         25.9323E-03 
                2.15              -4.8926E-03         0.                 1.34183         -752.993E-03         21.3262E-03 
                2.155             -4.83157E-03        0.                 1.33027         -740.185E-03         16.4737E-03 
                2.16              -4.76724E-03        0.                 1.31811         -726.686E-03         11.3996E-03 
                2.165             -4.70023E-03        0.                 1.30548         -712.626E-03          6.13016E-03
                2.17              -4.6312E-03         0.                 1.29249         -698.14E-03         692.075E-06  
                2.175             -4.56079E-03        0.                 1.27928         -683.365E-03         -4.8872E-03 
                2.18              -4.48966E-03        0.                 1.26597         -668.44E-03         -10.5799E-03 
                2.185             -4.41844E-03        0.                 1.25268         -653.495E-03        -16.3583E-03 
                2.19              -4.34773E-03        0.                 1.23952         -638.655E-03        -22.1947E-03 
                2.195             -4.27805E-03        0.                 1.2266          -624.03E-03         -28.0618E-03 
                2.2               -4.20986E-03        0.                 1.21399         -609.717E-03        -33.933E-03  
                2.205             -4.14354E-03        0.                 1.20176         -595.796E-03        -39.7823E-03 
                2.21              -4.0794E-03         0.                 1.18997         -582.33E-03         -45.5847E-03 
                2.215             -4.01765E-03        0.                 1.17866         -569.366E-03        -51.316E-03  
                2.22              -3.95845E-03        0.                 1.16784         -556.935E-03        -56.9533E-03 
                2.225             -3.90186E-03        0.                 1.15754         -545.053E-03        -62.4746E-03 
                2.23              -3.84793E-03        0.                 1.14775         -533.727E-03        -67.8591E-03 
                2.235             -3.79663E-03        0.                 1.13846         -522.953E-03        -73.0871E-03 
                2.24              -3.74791E-03        0.                 1.12966         -512.721E-03        -78.1401E-03 
                2.245             -3.7017E-03         0.                 1.12134         -503.017E-03        -83.0005E-03 
                2.25              -3.65792E-03        0.                 1.11348         -493.822E-03        -87.652E-03  
                2.255             -3.61649E-03        0.                 1.10606         -485.12E-03         -92.079E-03  
                2.26              -3.57731E-03        0.                 1.09906         -476.891E-03        -96.2672E-03 
                2.265             -3.54031E-03        0.                 1.09246         -469.12E-03        -100.203E-03  
                2.27              -3.50542E-03        0.                 1.08626         -461.791E-03       -103.874E-03  
                2.275             -3.47257E-03        0.                 1.08043         -454.893E-03       -107.268E-03  
                2.28              -3.44175E-03        0.                 1.07497         -448.42E-03        -110.375E-03  
                2.285             -3.41294E-03        0.                 1.06988         -442.37E-03        -113.184E-03  
                2.29              -3.38616E-03        0.                 1.06515         -436.747E-03       -115.686E-03  
                2.295             -3.36147E-03        0.                 1.0608          -431.565E-03       -117.873E-03  
                2.3               -3.33898E-03        0.                 1.05685         -426.844E-03       -119.737E-03  
                2.305             -3.31882E-03        0.                 1.0533          -422.613E-03       -121.272E-03  
                2.31              -3.30117E-03        0.                 1.05021         -418.91E-03        -122.472E-03  
                2.315             -3.28625E-03        0.                 1.04759         -415.782E-03       -123.333E-03  
                2.32              -3.27431E-03        0.                 1.0455          -413.28E-03        -123.85E-03   
                2.325             -3.26563E-03        0.                 1.04398         -411.462E-03       -124.022E-03  
                2.33              -3.26047E-03        0.                 1.04307         -410.385E-03       -123.847E-03  
                2.335             -3.25913E-03        0.                 1.04283         -410.108E-03       -123.326E-03  
                2.34              -3.26185E-03        0.                 1.0433          -410.685E-03       -122.46E-03   
                2.345             -3.26888E-03        0.                 1.04453         -412.163E-03       -121.254E-03  
                2.35              -3.28038E-03        0.                 1.04654         -414.582E-03       -119.711E-03  
                2.355             -3.29649E-03        0.                 1.04935         -417.968E-03       -117.839E-03  
                2.36              -3.31729E-03        0.                 1.053           -422.336E-03       -115.646E-03  
                2.365             -3.34277E-03        0.                 1.05747         -427.686E-03       -113.141E-03  
                2.37              -3.37286E-03        0.                 1.06277         -434.004E-03       -110.338E-03  
                2.375             -3.40743E-03        0.                 1.06886         -441.26E-03        -107.25E-03   
                2.38              -3.44627E-03        0.                 1.07573         -449.413E-03       -103.891E-03  
                2.385             -3.48911E-03        0.                 1.08333         -458.404E-03       -100.279E-03  
                2.39              -3.53562E-03        0.                 1.0916          -468.165E-03        -96.4309E-03 
                2.395             -3.58542E-03        0.                 1.10049         -478.616E-03        -92.367E-03  
                2.4               -3.63808E-03        0.                 1.10991         -489.668E-03        -88.1073E-03 
                2.405             -3.69315E-03        0.                 1.1198          -501.223E-03        -83.6733E-03 
                2.41              -3.75013E-03        0.                 1.13007         -513.181E-03        -79.0873E-03 
                2.415             -3.80854E-03        0.                 1.14063         -525.437E-03        -74.3719E-03 
                2.42              -3.86786E-03        0.                 1.15138         -537.887E-03        -69.5503E-03 
                2.425             -3.92762E-03        0.                 1.16226         -550.428E-03        -64.6456E-03 
                2.43              -3.98735E-03        0.                 1.17315         -562.963E-03        -59.6814E-03 
                2.435             -4.0466E-03         0.                 1.184           -575.4E-03          -54.6805E-03 
                2.44              -4.105E-03          0.                 1.19471         -587.656E-03        -49.6659E-03 
                2.445             -4.16219E-03        0.                 1.20524         -599.661E-03        -44.6599E-03 
                2.45              -4.21788E-03        0.                 1.21551         -611.352E-03        -39.684E-03  
                2.455             -4.27184E-03        0.                 1.22549         -622.679E-03        -34.7594E-03 
                2.46              -4.32388E-03        0.                 1.23513         -633.605E-03        -29.9062E-03 
                2.465             -4.37387E-03        0.                 1.24442         -644.102E-03        -25.1438E-03 
                2.47              -4.42173E-03        0.                 1.25332         -654.152E-03        -20.4907E-03 
                2.475             -4.46742E-03        0.                 1.26184         -663.747E-03        -15.9643E-03 
                2.48              -4.51094E-03        0.                 1.26997         -672.884E-03        -11.5813E-03 
                2.485             -4.55228E-03        0.                 1.2777          -681.568E-03         -7.35746E-03
                2.49              -4.5915E-03         0.                 1.28505         -689.805E-03         -3.30746E-03
                2.495             -4.62865E-03        0.                 1.29201         -697.605E-03        554.783E-06  
                2.5               -4.66376E-03        0.                 1.29861         -704.979E-03          4.21624E-03
                2.505             -4.69689E-03        0.                 1.30484         -711.938E-03          7.66473E-03
                2.51              -4.72808E-03        0.                 1.31071         -718.489E-03         10.8889E-03 
                2.515             -4.75737E-03        0.                 1.31623         -724.639E-03         13.8782E-03 
                2.52              -4.78476E-03        0.                 1.3214          -730.391E-03         16.6229E-03 
                2.525             -4.81025E-03        0.                 1.32621         -735.744E-03         19.1141E-03 
                2.53              -4.83382E-03        0.                 1.33067         -740.692E-03         21.3434E-03 
                2.535             -4.85541E-03        0.                 1.33475         -745.224E-03         23.3036E-03 
                2.54              -4.87494E-03        0.                 1.33845         -749.325E-03         24.988E-03  
                2.545             -4.89232E-03        0.                 1.34174         -752.972E-03         26.3908E-03 
                2.55              -4.90741E-03        0.                 1.34461         -756.138E-03         27.5073E-03 
                2.555             -4.92007E-03        0.                 1.34701         -758.794E-03         28.3334E-03 
                2.56              -4.93013E-03        0.                 1.34892         -760.902E-03         28.8661E-03 
                2.565             -4.9374E-03         0.                 1.3503          -762.425E-03         29.1035E-03 
                2.57              -4.9417E-03         0.                 1.35112         -763.324E-03         29.0448E-03 
                2.575             -4.94283E-03        0.                 1.35134         -763.559E-03         28.6901E-03 
                2.58              -4.94063E-03        0.                 1.35092         -763.094E-03         28.0411E-03 
                2.585             -4.93494E-03        0.                 1.34985         -761.895E-03         27.1004E-03 
                2.59              -4.92561E-03        0.                 1.34808         -759.934E-03         25.8723E-03 
                2.595             -4.91256E-03        0.                 1.34561         -757.192E-03         24.3623E-03 
                2.6               -4.89572E-03        0.                 1.34242         -753.656E-03         22.5772E-03 
                2.605             -4.8751E-03         0.                 1.33851         -749.324E-03         20.5254E-03 
                2.61              -4.85072E-03        0.                 1.33389         -744.205E-03         18.2165E-03 
                2.615             -4.82267E-03        0.                 1.32859         -738.318E-03         15.6616E-03 
                2.62              -4.79112E-03        0.                 1.32263         -731.694E-03         12.8731E-03 
                2.625             -4.75624E-03        0.                 1.31604         -724.373E-03          9.86471E-03
                2.63              -4.71827E-03        0.                 1.30888         -716.405E-03          6.65116E-03
                2.635             -4.67751E-03        0.                 1.30121         -707.85E-03           3.24836E-03
                2.64              -4.63427E-03        0.                 1.29308         -698.774E-03       -326.836E-06  
                2.645             -4.58889E-03        0.                 1.28456         -689.251E-03         -4.05678E-03
                2.65              -4.54174E-03        0.                 1.27572         -679.357E-03         -7.92312E-03
                2.655             -4.49322E-03        0.                 1.26665         -669.173E-03        -11.907E-03  
                2.66              -4.44369E-03        0.                 1.2574          -658.78E-03         -15.989E-03  
                2.665             -4.39356E-03        0.                 1.24806         -648.259E-03        -20.1498E-03 
                2.67              -4.34319E-03        0.                 1.23869         -637.687E-03        -24.3697E-03 
                2.675             -4.29293E-03        0.                 1.22937         -627.139E-03        -28.6291E-03 
                2.68              -4.24312E-03        0.                 1.22015         -616.684E-03        -32.9086E-03 
                2.685             -4.19405E-03        0.                 1.21108         -606.384E-03        -37.1891E-03 
                2.69              -4.14598E-03        0.                 1.20222         -596.294E-03        -41.452E-03  
                2.695             -4.09914E-03        0.                 1.19361         -586.462E-03        -45.679E-03  
                2.7               -4.05372E-03        0.                 1.18528         -576.926E-03        -49.8526E-03 
                2.705             -4.00986E-03        0.                 1.17725         -567.718E-03        -53.9558E-03 
                2.71              -3.96768E-03        0.                 1.16954         -558.86E-03         -57.9723E-03 
                2.715             -3.92725E-03        0.                 1.16217         -550.37E-03         -61.8867E-03 
                2.72              -3.88861E-03        0.                 1.15514         -542.257E-03        -65.6841E-03 
                2.725             -3.8518E-03         0.                 1.14846         -534.527E-03        -69.3505E-03 
                2.73              -3.81681E-03        0.                 1.14212         -527.18E-03         -72.8728E-03 
                2.735             -3.78364E-03        0.                 1.13612         -520.214E-03        -76.2385E-03 
                2.74              -3.75227E-03        0.                 1.13046         -513.627E-03        -79.4359E-03 
                2.745             -3.72268E-03        0.                 1.12513         -507.413E-03        -82.454E-03  
                2.75              -3.69485E-03        0.                 1.12012         -501.568E-03        -85.2827E-03 
                2.755             -3.66877E-03        0.                 1.11544         -496.091E-03        -87.9125E-03 
                2.76              -3.64443E-03        0.                 1.11107         -490.98E-03         -90.3347E-03 
                2.765             -3.62185E-03        0.                 1.10703         -486.238E-03        -92.5412E-03 
                2.77              -3.60105E-03        0.                 1.1033          -481.87E-03         -94.5248E-03 
                2.775             -3.58206E-03        0.                 1.09991         -477.885E-03        -96.2789E-03 
                2.78              -3.56496E-03        0.                 1.09686         -474.294E-03        -97.7975E-03 
                2.785             -3.54981E-03        0.                 1.09416         -471.114E-03        -99.0758E-03 
                2.79              -3.5367E-03         0.                 1.09182         -468.365E-03       -100.109E-03  
                2.795             -3.52575E-03        0.                 1.08987         -466.067E-03       -100.895E-03  
                2.8               -3.51707E-03        0.                 1.08832         -464.246E-03       -101.429E-03  
                2.805             -3.51078E-03        0.                 1.0872          -462.928E-03       -101.712E-03  
                2.81              -3.50702E-03        0.                 1.08653         -462.141E-03       -101.74E-03   
                2.815             -3.50592E-03        0.                 1.08633         -461.911E-03       -101.516E-03  
                2.82              -3.50759E-03        0.                 1.08663         -462.265E-03       -101.04E-03   
                2.825             -3.51214E-03        0.                 1.08744         -463.224E-03       -100.315E-03  
                2.83              -3.51968E-03        0.                 1.08877         -464.808E-03        -99.343E-03  
                2.835             -3.53026E-03        0.                 1.09066         -467.031E-03        -98.1297E-03 
                2.84              -3.54393E-03        0.                 1.09309         -469.903E-03        -96.6806E-03 
                2.845             -3.5607E-03         0.                 1.09608         -473.424E-03        -95.0023E-03 
                2.85              -3.58054E-03        0.                 1.09962         -477.588E-03        -93.1028E-03 
                2.855             -3.60338E-03        0.                 1.1037          -482.383E-03        -90.9913E-03 
                2.86              -3.62912E-03        0.                 1.10831         -487.787E-03        -88.6778E-03 
                2.865             -3.65762E-03        0.                 1.11342         -493.77E-03         -86.1736E-03 
                2.87              -3.68871E-03        0.                 1.119           -500.295E-03        -83.4909E-03 
                2.875             -3.72217E-03        0.                 1.12502         -507.319E-03        -80.6426E-03 
                2.88              -3.75778E-03        0.                 1.13144         -514.792E-03        -77.6429E-03 
                2.885             -3.79525E-03        0.                 1.13822         -522.657E-03        -74.5061E-03 
                2.89              -3.83433E-03        0.                 1.14529         -530.857E-03        -71.2476E-03 
                2.895             -3.87469E-03        0.                 1.15262         -539.329E-03        -67.8831E-03 
                2.9               -3.91606E-03        0.                 1.16014         -548.011E-03        -64.4286E-03 
                2.905             -3.95812E-03        0.                 1.16781         -556.837E-03        -60.9006E-03 
                2.91              -4.00056E-03        0.                 1.17556         -565.747E-03        -57.3155E-03 
                2.915             -4.04312E-03        0.                 1.18335         -574.678E-03        -53.6899E-03 
                2.92              -4.08551E-03        0.                 1.19113         -583.575E-03        -50.0403E-03 
                2.925             -4.12747E-03        0.                 1.19884         -592.384E-03        -46.383E-03  
                2.93              -4.16879E-03        0.                 1.20645         -601.057E-03        -42.7341E-03 
                2.935             -4.20925E-03        0.                 1.21391         -609.551E-03        -39.1091E-03 
                2.94              -4.24869E-03        0.                 1.2212          -617.83E-03         -35.5234E-03 
                2.945             -4.28695E-03        0.                 1.22828         -625.861E-03        -31.9918E-03 
                2.95              -4.32391E-03        0.                 1.23513         -633.621E-03        -28.5284E-03 
                2.955             -4.35948E-03        0.                 1.24173         -641.09E-03         -25.147E-03  
                2.96              -4.39359E-03        0.                 1.24808         -648.252E-03        -21.8605E-03 
                2.965             -4.42618E-03        0.                 1.25414         -655.096E-03        -18.6815E-03 
                2.97              -4.45724E-03        0.                 1.25993         -661.618E-03        -15.6215E-03 
                2.975             -4.48673E-03        0.                 1.26544         -667.811E-03        -12.6918E-03 
                2.98              -4.51466E-03        0.                 1.27065         -673.676E-03         -9.90274E-03
                2.985             -4.54102E-03        0.                 1.27558         -679.21E-03          -7.26417E-03
                2.99              -4.5658E-03         0.                 1.28022         -684.414E-03         -4.78518E-03
                2.995             -4.58901E-03        0.                 1.28457         -689.288E-03         -2.47426E-03
                3.                -4.61063E-03        0.                 1.28863         -693.829E-03       -339.23E-06   