                0.                 0.                 0.                 0.                 0.                 0.         
              100.E-03           253.087E-09          0.                45.1965E-06        65.9055E-06       335.466E-06  
              200.E-03             3.77192E-06        0.               697.581E-06        992.245E-06          1.49446E-03
              300.E-03            21.5788E-06         0.                 4.12082E-03        5.70763E-03        3.80466E-03
              400.E-03            65.6733E-06         0.                12.8906E-03        17.438E-03          7.54666E-03
              500.E-03           117.58E-06           0.                23.7919E-03        31.3409E-03        12.9219E-03 
              600.E-03           117.566E-06          0.                25.4337E-03        31.577E-03         20.1004E-03 
              700.E-03            15.7605E-06         0.                11.05E-03           4.90525E-03       29.2129E-03 
              800.E-03          -188.423E-06          0.                33.5089E-03       -48.785E-03         40.3972E-03 
              900.E-03          -477.832E-06          0.                86.1428E-03      -124.907E-03         53.8612E-03 
                1.              -844.708E-06          0.               153.804E-03       -221.426E-03         69.9068E-03 
                1.1               -1.2773E-03         0.               233.802E-03       -335.241E-03         88.8487E-03 
                1.2               -1.75792E-03        0.               322.639E-03       -461.657E-03        110.883E-03  
                1.3               -2.27544E-03        0.               418.142E-03       -597.727E-03        136.029E-03  
                1.4               -2.83271E-03        0.               520.816E-03       -744.196E-03        164.171E-03  
                1.5               -3.44785E-03        0.               634.135E-03       -905.869E-03        195.106E-03  
                1.6               -4.14201E-03        0.               762.193E-03         -1.08836          228.571E-03  
                1.7               -4.92336E-03        0.               906.574E-03         -1.29385          264.286E-03  
                1.8               -5.78451E-03        0.                 1.06588           -1.52038          302.001E-03  
                1.9               -6.70936E-03        0.                 1.23706           -1.76369          341.515E-03  
                2.                -7.67831E-03        0.                 1.41644           -2.0186           382.76E-03   
                2.1               -8.56263E-03        0.                 1.58462           -2.24748          425.165E-03  
                2.2               -9.33098E-03        0.                 1.74322           -2.43604          467.679E-03  
                2.3              -10.1101E-03         0.                 1.91259           -2.62192          509.182E-03  
                2.4              -11.0378E-03       421.035E-06          2.01053           -2.78418          548.5E-03    
                2.5              -12.0024E-03         1.2166E-03         2.03041           -2.89838          584.637E-03  
                2.6              -12.7577E-03         1.88069E-03        2.04701           -2.97484          616.89E-03   
                2.7              -13.3799E-03         2.47268E-03        2.06178           -3.02369          644.983E-03  
                2.8              -13.98E-03           3.06924E-03        2.07665           -3.06514          668.78E-03   
                2.9              -14.5115E-03         3.60527E-03        2.08998           -3.10122          687.928E-03  
                3.               -14.9044E-03         4.01747E-03        2.10021           -3.12323          701.881E-03  
                3.1              -15.1406E-03         4.28279E-03        2.10678           -3.1312           710.215E-03  
                3.2              -15.2375E-03         4.41079E-03        2.10993           -3.12869          712.735E-03  
                3.3              -15.2176E-03         4.42017E-03        2.11014           -3.11862          709.26E-03   
                3.4              -15.0348E-03         4.42017E-03        2.07723           -3.07045          699.488E-03  
                3.5              -14.6322E-03         4.42017E-03        2.0033            -2.96451          683.095E-03  
                3.6              -14.0426E-03         4.42017E-03        1.89544           -2.8093           659.829E-03  
                3.7              -13.3115E-03         4.42017E-03        1.76231           -2.61693          629.547E-03  
                3.8              -12.4649E-03         4.42017E-03        1.60923           -2.39421          592.255E-03  
                3.9              -11.5068E-03         4.42017E-03        1.43742           -2.14229          548.195E-03  
                4.               -10.4253E-03         4.42017E-03        1.2452            -1.85791          497.888E-03  
                4.1               -9.21301E-03        4.42017E-03        1.03307           -1.53914          442.06E-03   
                4.2               -7.86132E-03        4.42017E-03      803.699E-03         -1.18366          381.51E-03   
                4.3               -6.36702E-03        4.42017E-03      569.616E-03       -790.592E-03        317.015E-03  
                4.4               -4.74541E-03        4.42017E-03      384.282E-03       -363.954E-03        249.296E-03  
                4.5               -3.03334E-03        4.42017E-03      395.481E-03         86.5285E-03       179.034E-03  
                4.6               -1.2783E-03         4.42017E-03      611.765E-03        548.308E-03        106.902E-03  
                4.7              477.05E-06           4.42017E-03      896.52E-03           1.01013           33.6121E-03 
                4.8                2.00742E-03        4.42017E-03        1.16792            1.40486          -40.0517E-03 
                4.9                3.34269E-03        4.42017E-03        1.42693            1.7314          -113.196E-03  
                5.                 4.67853E-03        4.42017E-03        1.70102            2.05018         -184.838E-03  
                5.1                6.15461E-03        4.85212E-03        1.90244            2.33974         -254.355E-03  
                5.2                7.82026E-03        6.14478E-03        1.93398            2.5481          -321.435E-03  
                5.3                9.30087E-03        7.35011E-03        1.9635             2.71865         -385.737E-03  
                5.4               10.4309E-03         8.33666E-03        1.98768            2.82794         -447.333E-03  
                5.5               11.3722E-03         9.21768E-03        2.00929            2.90077         -506.598E-03  
                5.6               12.208E-03         10.0487E-03         2.02965            2.95251         -563.656E-03  
                5.7               12.945E-03         10.7928E-03         2.04791            2.99713         -618.278E-03  
                5.8               13.5946E-03        11.4579E-03         2.06423            3.03497         -670.15E-03   
                5.9               14.1705E-03        12.0458E-03         2.07868            3.06904         -719.347E-03  
                6.                14.7397E-03        12.6226E-03         2.09287            3.10526         -766.319E-03  
                6.1               15.326E-03         13.2147E-03         2.10743            3.1454          -810.652E-03  
                6.2               15.8868E-03        13.7869E-03         2.12149            3.18334         -851.266E-03  
                6.3               16.3828E-03        14.3004E-03         2.1341             3.21498         -887.379E-03  
                6.4               16.847E-03         14.7788E-03         2.14585            3.2459          -918.492E-03  
                6.5               17.3517E-03        15.2839E-03         2.15828            3.28566         -944.36E-03   
                6.6               17.8895E-03        15.8186E-03         2.17143            3.33102         -964.763E-03  
                6.7               18.4072E-03        16.3388E-03         2.1842             3.37476         -979.529E-03  
                6.8               18.8299E-03        16.7728E-03         2.19483            3.40885         -988.577E-03  
                6.9               19.1059E-03        17.0694E-03         2.20206            3.42794         -991.913E-03  
                7.                19.219E-03         17.2107E-03         2.20545            3.43105         -989.527E-03  
                7.1               19.1228E-03        17.2107E-03         2.19165            3.40452         -981.265E-03  
                7.2               18.7363E-03        17.2107E-03         2.12041            3.30331         -966.822E-03  
                7.3               18.1116E-03        17.2107E-03         2.0077             3.13842         -945.855E-03  
                7.4               17.3525E-03        17.2107E-03         1.87176            2.93871         -918.025E-03  
                7.5               16.4939E-03        17.2107E-03         1.72018            2.71272         -883.061E-03  
                7.6               15.5595E-03        17.2107E-03         1.55789            2.46702         -840.953E-03  
                7.7               14.5414E-03        17.2107E-03         1.38465            2.19934         -792.14E-03   
                7.8               13.4228E-03        17.2107E-03         1.19972            1.9053          -737.46E-03   
                7.9               12.1744E-03        17.2107E-03         1.00302            1.57709         -677.889E-03  
                8.                10.7619E-03        17.2107E-03       800.888E-03          1.20566         -614.349E-03  
                8.1                9.17679E-03       17.2107E-03       625.846E-03        788.64E-03        -547.642E-03  
                8.2                7.4549E-03        17.2107E-03       560.208E-03        335.512E-03       -478.445E-03  
                8.3                5.66384E-03       17.2107E-03       670.038E-03       -135.835E-03       -407.332E-03  
                8.4                3.86935E-03       17.2107E-03       897.797E-03       -608.032E-03       -334.849E-03  
                8.5                2.25714E-03       17.2107E-03         1.14923           -1.02614         -261.619E-03  
                8.6              874.279E-06         17.2107E-03         1.39263           -1.36785         -188.443E-03  
                8.7             -448.961E-06         17.2107E-03         1.64564           -1.68428         -116.324E-03  
                8.8               -1.91295E-03       17.7008E-03         1.81518           -1.96073          -46.0412E-03 
                8.9               -3.54104E-03       18.9264E-03         1.84269           -2.16649           21.9202E-03 
                9.                -5.05538E-03       20.1093E-03         1.86979           -2.34801           87.0926E-03 
                9.1               -6.26626E-03       21.1179E-03         1.89311           -2.4736           149.401E-03  
                9.2               -7.26002E-03       22.0074E-03         1.91381           -2.55691          209.201E-03  
                9.3               -8.1348E-03        22.8396E-03         1.93332           -2.61639          266.743E-03  
                9.4               -8.90212E-03       23.5945E-03         1.95115           -2.6634           321.91E-03   
                9.5               -9.59462E-03       24.2852E-03         1.9676            -2.705            374.412E-03  
                9.6              -10.2056E-03        24.8987E-03         1.98233           -2.74092          424.083E-03  
                9.7              -10.7787E-03        25.4738E-03         1.9962            -2.77574          471.134E-03  
                9.8              -11.3693E-03        26.0619E-03         2.01043           -2.81515          516.027E-03  
                9.9              -11.9624E-03        26.6562E-03         2.02484           -2.85548          559.13E-03   
               10.               -12.5076E-03        27.211E-03          2.03829           -2.89105          600.706E-03  
               10.1              -12.9648E-03        27.6859E-03         2.04982           -2.91806          640.258E-03  
               10.2              -13.3327E-03        28.0748E-03         2.05926           -2.93738          676.855E-03  
               10.3              -13.6694E-03        28.4253E-03         2.06781           -2.95664          709.866E-03  
               10.4              -14.0721E-03        28.8249E-03         2.07759           -2.98713          738.724E-03  
               10.5              -14.5762E-03        29.3148E-03         2.0896            -3.03066          762.932E-03  
               10.6              -15.1201E-03        29.8497E-03         2.10268           -3.07752          782.02E-03   
               10.7              -15.6134E-03        30.3476E-03         2.11483           -3.11724          795.743E-03  
               10.8              -16.0077E-03        30.757E-03          2.12479           -3.14633          804.173E-03  
               10.9              -16.2991E-03        31.0685E-03         2.13234           -3.16596          807.554E-03  
               11.               -16.4666E-03        31.2621E-03         2.13699           -3.17398          805.978E-03  
               11.1              -16.4439E-03        31.2758E-03         2.13718           -3.16314          799.281E-03  
               11.2              -16.1166E-03        31.2758E-03         2.07699           -3.07721          787.159E-03  
               11.3              -15.5238E-03        31.2758E-03         1.96861           -2.92074          769.245E-03  
               11.4              -14.8105E-03        31.2758E-03         1.83992           -2.73294          745.129E-03  
               11.5              -14.0244E-03        31.2758E-03         1.70026           -2.52603          714.376E-03  
               11.6              -13.1789E-03        31.2758E-03         1.55217           -2.30368          676.753E-03  
               11.7              -12.2706E-03        31.2758E-03         1.39591           -2.06489          632.529E-03  
               11.8              -11.2866E-03        31.2758E-03         1.23056           -1.80628          582.502E-03  
               11.9              -10.1922E-03        31.2758E-03         1.05304           -1.51865          527.673E-03  
               12.                -8.93713E-03       31.2758E-03       861.21E-03          -1.1887           468.96E-03   
               12.1               -7.49154E-03       31.2758E-03       669.475E-03       -808.425E-03        407.127E-03  
               12.2               -5.88204E-03       31.2758E-03       535.931E-03       -384.852E-03        342.795E-03  
               12.3               -4.18279E-03       31.2758E-03       556.96E-03          62.3848E-03       276.451E-03  
               12.4               -2.47143E-03       31.2758E-03       731.316E-03        512.747E-03        208.508E-03  
               12.5             -799.872E-06         31.2758E-03       974.313E-03        952.537E-03        139.431E-03  
               12.6              636.433E-06         31.2758E-03         1.21118            1.3233            69.876E-03  
               12.7                1.87345E-03       31.2758E-03         1.43668            1.62647          750.998E-06  
               12.8                3.09335E-03       31.2758E-03         1.67414            1.91787          -66.8978E-03 
               12.9                4.42232E-03       31.566E-03          1.86854            2.19281         -132.368E-03  
               13.                 5.94205E-03       32.7099E-03         1.89593            2.38454         -195.262E-03  
               13.1                7.43324E-03       33.8602E-03         1.92382            2.56849         -255.192E-03  
               13.2                8.62693E-03       34.8412E-03         1.94773            2.69697         -312.219E-03  
               13.3                9.53153E-03       35.6408E-03         1.96728            2.77577         -366.823E-03  
               13.4               10.2934E-03        36.3527E-03         1.98473            2.83027         -419.316E-03  
               13.5               10.9631E-03        37.0066E-03         2.00078            2.87104         -469.653E-03  
               13.6               11.5697E-03        37.6092E-03         2.01559            2.90684         -517.517E-03  
               13.7               12.0975E-03        38.1414E-03         2.02869            2.93618         -562.578E-03  
               13.8               12.5806E-03        38.625E-03          2.04061            2.96457         -604.871E-03  
               13.9               13.0814E-03        39.1195E-03         2.05281            2.99753         -644.799E-03  
               14.                13.6203E-03        39.6492E-03         2.06587            3.03573         -682.809E-03  
               14.1               14.1574E-03        40.1839E-03         2.07905            3.07311         -718.51E-03   
               14.2               14.6251E-03        40.662E-03          2.09082            3.10233         -750.982E-03  
               14.3               15.0129E-03        41.0648E-03         2.10073            3.12453         -779.621E-03  
               14.4               15.3896E-03        41.4489E-03         2.1102             3.14886         -804.039E-03  
               14.5               15.8142E-03        41.8731E-03         2.12065            3.18078         -823.982E-03  
               14.6               16.2584E-03        42.3201E-03         2.13164            3.21483         -839.131E-03  
               14.7               16.6517E-03        42.7261E-03         2.14161            3.24286         -849.252E-03  
               14.8               16.9451E-03        43.0392E-03         2.14927            3.26124         -854.294E-03  
               14.9               17.1172E-03        43.2354E-03         2.15405            3.26893         -854.304E-03  
               15.                17.1456E-03        43.2931E-03         2.1554             3.26389         -849.249E-03  
               15.1               16.9496E-03        43.2931E-03         2.12106            3.21195         -838.916E-03  
               15.2               16.489E-03         43.2931E-03         2.03638            3.09075         -822.967E-03  
               15.3               15.8478E-03        43.2931E-03         1.9198             2.92173         -801.032E-03  
               15.4               15.1032E-03        43.2931E-03         1.78571            2.72579         -772.759E-03  
               15.5               14.2863E-03        43.2931E-03         1.64041            2.51087         -737.921E-03  
               15.6               13.4043E-03        43.2931E-03         1.48567            2.27896         -696.61E-03   
               15.7               12.4444E-03        43.2931E-03         1.31999            2.02662         -649.358E-03  
               15.8               11.3833E-03        43.2931E-03         1.14101            1.74773         -597.002E-03  
               15.9               10.1874E-03        43.2931E-03       946.58E-03           1.43332         -540.433E-03  
               16.                 8.82846E-03       43.2931E-03       742.066E-03          1.07592         -480.447E-03  
               16.1                7.31105E-03       43.2931E-03       558.479E-03        676.662E-03       -418.048E-03  
               16.2                5.67896E-03       43.2931E-03       480.054E-03        247.149E-03       -354.272E-03  
               16.3                3.98831E-03       43.2931E-03       582.335E-03       -197.796E-03       -289.916E-03  
               16.4                2.28438E-03       43.2931E-03       804.643E-03       -646.26E-03        -225.745E-03  
               16.5              697.432E-06         43.2931E-03         1.05685           -1.06085         -162.557E-03  
               16.6             -636.306E-06         43.2931E-03         1.29173           -1.39772         -101.307E-03  
               16.7               -1.76124E-03       43.2931E-03         1.50762           -1.66881          -43.0869E-03 
               16.8               -2.82304E-03       43.2931E-03         1.72063           -1.922             10.899E-03  
               16.9               -3.94685E-03       43.6676E-03         1.85715           -2.13483           59.4539E-03 
               17.                -5.11494E-03       44.5585E-03         1.87815           -2.28083          101.729E-03  
               17.1               -6.21041E-03       45.4017E-03         1.89827           -2.41829          137.565E-03  
               17.2               -7.07688E-03       46.1032E-03         1.91502           -2.51668          167.235E-03  
               17.3               -7.68794E-03       46.6312E-03         1.92761           -2.57532          190.944E-03  
               17.4               -8.05642E-03       46.9633E-03         1.93555           -2.60592          208.722E-03  
               17.5               -8.15714E-03       47.0759E-03         1.9382            -2.60593          220.483E-03  
               17.6               -8.07904E-03       47.0759E-03         1.92587           -2.5827           226.041E-03  
               17.7               -7.84075E-03       47.0759E-03         1.88035           -2.51991          225.12E-03   
               17.8               -7.45801E-03       47.0759E-03         1.80869           -2.41882          217.401E-03  
               17.9               -6.99181E-03       47.0759E-03         1.72189           -2.29608          202.695E-03  
               18.                -6.46899E-03       47.0759E-03         1.62514           -2.15851          181.132E-03  
               18.1               -5.89357E-03       47.0759E-03         1.5191            -2.00727          153.224E-03  
               18.2               -5.23834E-03       47.0759E-03         1.39861           -1.83512          119.843E-03  
               18.3               -4.45468E-03       47.0759E-03         1.25426           -1.62915           82.0544E-03 
               18.4               -3.5065E-03        47.0759E-03         1.07907           -1.37977           40.877E-03  
               18.5               -2.39487E-03       47.0759E-03       873.206E-03         -1.08724           -2.82716E-03
               18.6               -1.15787E-03       47.0759E-03       644.003E-03       -761.613E-03        -48.3802E-03 
               18.7              141.334E-06         47.0759E-03       403.831E-03       -419.57E-03         -95.2541E-03 
               18.8                1.43095E-03       47.0759E-03       169.013E-03        -80.0981E-03      -142.961E-03  
               18.9                2.65588E-03       47.0759E-03        82.7472E-03       242.25E-03        -190.915E-03  
               19.                 3.78854E-03       47.0759E-03       279.675E-03        540.212E-03       -238.344E-03  
               19.1                4.82694E-03       47.0759E-03       469.529E-03        813.288E-03       -284.302E-03  
               19.2                5.78845E-03       47.0759E-03       646.222E-03          1.06611         -327.753E-03  
               19.3                6.69569E-03       47.0759E-03       813.432E-03          1.3047          -367.708E-03  
               19.4                7.55822E-03       47.0759E-03       972.893E-03          1.53162         -403.342E-03  
               19.5                8.31636E-03       47.0759E-03         1.116              1.72934         -434.066E-03  
               19.6                8.92262E-03       47.0759E-03         1.23479            1.88438         -459.528E-03  
               19.7                9.40095E-03       47.0759E-03         1.33183            2.00426         -479.549E-03  
               19.8                9.77869E-03       47.0759E-03         1.41196            2.09648         -494.028E-03  
               19.9               10.0145E-03        47.0759E-03         1.46437            2.1526          -502.871E-03  
               20.                10.0754E-03        47.0759E-03         1.47953            2.16596         -505.995E-03  
               20.1                9.98678E-03       47.0759E-03         1.46338            2.14226         -503.385E-03  
               20.2                9.73659E-03       47.0759E-03         1.41654            2.0765          -495.135E-03  
               20.3                9.34848E-03       47.0759E-03         1.34455            1.97423         -481.407E-03  
               20.4                8.85205E-03       47.0759E-03         1.25274            1.84363         -462.391E-03  
               20.5                8.24915E-03       47.0759E-03         1.14138            1.68498         -438.345E-03  
               20.6                7.55175E-03       47.0759E-03         1.01272            1.5015          -409.699E-03  
               20.7                6.77314E-03       47.0759E-03       869.36E-03           1.29667         -377.07E-03   
               20.8                5.92313E-03       47.0759E-03       713.319E-03          1.07307         -341.174E-03  
               20.9                5.00253E-03       47.0759E-03       545.07E-03         830.903E-03       -302.74E-03   
               21.                 4.01343E-03       47.0759E-03       366.157E-03        570.67E-03        -262.492E-03  
               21.1                2.97238E-03       47.0759E-03       186.576E-03        296.722E-03       -221.146E-03  
               21.2                1.90951E-03       47.0759E-03       101.342E-03         17.0183E-03      -179.399E-03  
               21.3              856.076E-06         47.0759E-03       250.187E-03       -260.19E-03        -137.915E-03  
               21.4             -163.193E-06         47.0759E-03       431.044E-03       -528.39E-03         -97.3334E-03 
               21.5               -1.12881E-03       47.0759E-03       606.876E-03       -782.459E-03        -58.3019E-03 
               21.6               -2.02465E-03       47.0759E-03       771.215E-03         -1.01815          -21.49E-03   
               21.7               -2.83966E-03       47.0759E-03       921.164E-03         -1.23255           12.4363E-03 
               21.8               -3.56862E-03       47.0759E-03         1.05549           -1.42432           42.8583E-03 
               21.9               -4.20857E-03       47.0759E-03         1.17354           -1.59268           69.2401E-03 
               22.                -4.75346E-03       47.0759E-03         1.27419           -1.73605           91.1475E-03 
               22.1               -5.19223E-03       47.0759E-03         1.35532           -1.85152          108.257E-03  
               22.2               -5.51166E-03       47.0759E-03         1.41444           -1.9356           120.358E-03  
               22.3               -5.70075E-03       47.0759E-03         1.44945           -1.98537          127.342E-03  
               22.4               -5.75314E-03       47.0759E-03         1.45917           -1.99916          129.181E-03  
               22.5               -5.66783E-03       47.0759E-03         1.44338           -1.97671          125.909E-03  
               22.6               -5.44938E-03       47.0759E-03         1.40295           -1.91922          117.616E-03  
               22.7               -5.10756E-03       47.0759E-03         1.33971           -1.82925          104.462E-03  
               22.8               -4.65531E-03       47.0759E-03         1.25611           -1.71024           86.6861E-03 
               22.9               -4.10581E-03       47.0759E-03         1.15462           -1.56566           64.6174E-03 
               23.                -3.47022E-03       47.0759E-03         1.03735           -1.39844           38.677E-03  
               23.1               -2.75773E-03       47.0759E-03       906.043E-03         -1.21099            9.36997E-03
               23.2               -1.97703E-03       47.0759E-03       762.405E-03         -1.00559          -22.7316E-03 
               23.3               -1.13817E-03       47.0759E-03       608.534E-03       -784.89E-03         -57.0121E-03 
               23.4             -253.79E-06          47.0759E-03       447.41E-03        -552.201E-03        -92.8365E-03 
               23.5              660.403E-06         47.0759E-03       284.109E-03       -311.657E-03       -129.569E-03  
               23.6                1.58602E-03       47.0759E-03       135.034E-03        -68.099E-03       -166.582E-03  
               23.7                2.50327E-03       47.0759E-03       119.821E-03        173.257E-03       -203.257E-03  
               23.8                3.39291E-03       47.0759E-03       256.453E-03        407.34E-03        -238.988E-03  
               23.9                4.23804E-03       47.0759E-03       406.067E-03        629.705E-03       -273.176E-03  
               24.                 5.02501E-03       47.0759E-03       548.826E-03        836.757E-03       -305.243E-03  
               24.1                5.7431E-03        47.0759E-03       680.174E-03          1.02569         -334.639E-03  
               24.2                6.38362E-03       47.0759E-03       797.786E-03          1.1942          -360.863E-03  
               24.3                6.93875E-03       47.0759E-03       899.951E-03          1.34026         -383.473E-03  
               24.4                7.40078E-03       47.0759E-03       985.116E-03          1.46183         -402.109E-03  
               24.5                7.762E-03         47.0759E-03         1.05178            1.55688         -416.494E-03  
               24.6                8.01514E-03       47.0759E-03         1.09854            1.62349         -426.437E-03  
               24.7                8.15443E-03       47.0759E-03         1.12429            1.66015         -431.828E-03  
               24.8                8.17676E-03       47.0759E-03         1.12842            1.66603         -432.636E-03  
               24.9                8.0824E-03        47.0759E-03         1.111              1.6412          -428.895E-03  
               25.                 7.87505E-03       47.0759E-03         1.0727             1.58663         -420.713E-03  
               25.1                7.5613E-03        47.0759E-03         1.01478            1.50407         -408.263E-03  
               25.2                7.14963E-03       47.0759E-03       938.845E-03          1.39575         -391.79E-03   
               25.3                6.64948E-03       47.0759E-03       846.709E-03          1.26415         -371.612E-03  
               25.4                6.07062E-03       47.0759E-03       740.261E-03          1.11185         -348.114E-03  
               25.5                5.42298E-03       47.0759E-03       621.495E-03        941.455E-03       -321.744E-03  
               25.6                4.7169E-03        47.0759E-03       492.661E-03        755.684E-03       -292.998E-03  
               25.7                3.96366E-03       47.0759E-03       356.762E-03        557.501E-03       -262.411E-03  
               25.8                3.17588E-03       47.0759E-03       219.499E-03        350.225E-03       -230.536E-03  
               25.9                2.36758E-03       47.0759E-03       106.204E-03        137.548E-03       -197.939E-03  
               26.                 1.55388E-03       47.0759E-03       139.371E-03        -76.5532E-03      -165.184E-03  
               26.1              750.228E-06         47.0759E-03       268.48E-03        -288.009E-03       -132.831E-03  
               26.2              -28.378E-06         47.0759E-03       406.67E-03        -492.873E-03       -101.428E-03  
               26.3             -768.129E-06         47.0759E-03       540.894E-03       -687.511E-03        -71.5034E-03 
               26.4               -1.45682E-03       47.0759E-03       666.874E-03       -868.711E-03        -43.5627E-03 
               26.5               -2.08388E-03       47.0759E-03       782.023E-03         -1.03369          -18.0748E-03 
               26.6               -2.64018E-03       47.0759E-03       884.396E-03         -1.18006            4.53667E-03
               26.7               -3.11771E-03       47.0759E-03       972.388E-03         -1.3057            23.9034E-03 
               26.8               -3.50937E-03       47.0759E-03         1.04462           -1.40875           39.721E-03  
               26.9               -3.80895E-03       47.0759E-03         1.09991           -1.48758           51.7541E-03 
               27.                -4.01147E-03       47.0759E-03         1.1373            -1.54087           59.8386E-03 
               27.1               -4.11353E-03       47.0759E-03         1.15615           -1.56773           63.8814E-03 
               27.2               -4.11374E-03       47.0759E-03         1.15619           -1.56778           63.8584E-03 
               27.3               -4.01298E-03       47.0759E-03         1.13758           -1.54127           59.8131E-03 
               27.4               -3.81435E-03       47.0759E-03         1.10092           -1.48901           51.8545E-03 
               27.5               -3.52297E-03       47.0759E-03         1.04714           -1.41234           40.1557E-03 
               27.6               -3.14552E-03       47.0759E-03       977.522E-03         -1.31302           24.9527E-03 
               27.7               -2.68989E-03       47.0759E-03       893.553E-03         -1.19314            6.54141E-03
               27.8               -2.16482E-03       47.0759E-03       796.904E-03         -1.05499          -14.7269E-03 
               27.9               -1.57977E-03       47.0759E-03       689.419E-03       -901.057E-03        -38.4524E-03 
               28.              -944.916E-06         47.0759E-03       573.159E-03       -734.02E-03         -64.195E-03  
               28.1             -271.202E-06         47.0759E-03       450.538E-03       -556.759E-03        -91.4846E-03 
               28.2              429.616E-06         47.0759E-03       324.747E-03       -372.365E-03       -119.831E-03  
               28.3                1.1451E-03        47.0759E-03       201.664E-03       -184.111E-03       -148.732E-03  
               28.4                1.86237E-03       47.0759E-03       104.791E-03          4.6153E-03      -177.684E-03  
               28.5                2.56853E-03       47.0759E-03       127.473E-03        190.417E-03       -206.19E-03   
               28.6                3.25104E-03       47.0759E-03       232.086E-03        369.995E-03       -233.763E-03  
               28.7                3.89814E-03       47.0759E-03       345.03E-03         540.254E-03       -259.937E-03  
               28.8                4.49906E-03       47.0759E-03       453.106E-03        698.362E-03       -284.272E-03  
               28.9                5.04418E-03       47.0759E-03       552.257E-03        841.791E-03       -306.364E-03  
               29.                 5.52504E-03       47.0759E-03       640.191E-03        968.31E-03        -325.851E-03  
               29.1                5.93429E-03       47.0759E-03       715.254E-03          1.07599         -342.42E-03   
               29.2                6.26568E-03       47.0759E-03       776.148E-03          1.16318         -355.814E-03  
               29.3                6.51417E-03       47.0759E-03       821.861E-03          1.22856         -365.833E-03  
               29.4                6.67603E-03       47.0759E-03       851.658E-03          1.27115         -372.341E-03  
               29.5                6.74903E-03       47.0759E-03       865.104E-03          1.29036         -375.263E-03  
               29.6                6.73259E-03       47.0759E-03       862.079E-03          1.28604         -374.588E-03  
               29.7                6.62787E-03       47.0759E-03       842.797E-03          1.25848         -370.364E-03  
               29.8                6.43769E-03       47.0759E-03       807.795E-03          1.20844         -362.7E-03    
               29.9                6.16648E-03       47.0759E-03       757.919E-03          1.13708         -351.763E-03  
               30.                 5.82002E-03       47.0759E-03       694.282E-03          1.04592         -337.772E-03  
               30.1                5.40523E-03       47.0759E-03       618.249E-03        936.785E-03       -321.002E-03  
               30.2                4.93E-03          47.0759E-03       531.424E-03        811.747E-03       -301.77E-03   
               30.3                4.40306E-03       47.0759E-03       435.72E-03         673.102E-03       -280.436E-03  
               30.4                3.83385E-03       47.0759E-03       333.579E-03        523.336E-03       -257.392E-03  
               30.5                3.23246E-03       47.0759E-03       228.933E-03        365.103E-03       -233.056E-03  
               30.6                2.60953E-03       47.0759E-03       132.681E-03        201.202E-03       -207.863E-03  
               30.7                1.97607E-03       47.0759E-03        97.5653E-03        34.5319E-03      -182.257E-03  
               30.8                1.3433E-03        47.0759E-03       170.107E-03       -131.96E-03        -156.687E-03  
               30.9              722.316E-06         47.0759E-03       273.329E-03       -295.349E-03       -131.592E-03  
               31.               123.906E-06         47.0759E-03       379.284E-03       -452.799E-03       -107.401E-03  
               31.1             -441.735E-06         47.0759E-03       481.469E-03       -601.627E-03        -84.5232E-03 
               31.2             -965.19E-06          47.0759E-03       576.861E-03       -739.354E-03        -63.3415E-03 
               31.3               -1.43794E-03       47.0759E-03       663.405E-03       -863.74E-03         -44.2058E-03 
               31.4               -1.85247E-03       47.0759E-03       739.489E-03       -972.807E-03        -27.4274E-03 
               31.5               -2.2023E-03        47.0759E-03       803.803E-03         -1.06485          -13.2734E-03 
               31.6               -2.48209E-03       47.0759E-03       855.293E-03         -1.13847           -1.96203E-03
               31.7               -2.68765E-03       47.0759E-03       893.15E-03          -1.19256            6.34031E-03
               31.8               -2.8161E-03        47.0759E-03       916.815E-03         -1.22635           11.5215E-03 
               31.9               -2.86589E-03       47.0759E-03       925.991E-03         -1.23945           13.5247E-03 
               32.                -2.83689E-03       47.0759E-03       920.647E-03         -1.23182           12.3484E-03 